日期,股票代码,开盘,收盘,最高,最低,成交量,成交额,振幅,涨跌幅,涨跌额,换手率,股票名称,前收盘,复权状态,交易状态,动态市盈率,动态市现率,动态市净率
2022-03-11,300499,13.060,13.150,13.220,12.650,10639730,139912449.50,4.51,-0.98,-0.13,0.00,300499,13.28,不复权,正常交易,,,
2022-03-14,300499,13.010,12.430,13.080,12.400,13304808,165378763.44,5.48,-5.48,-0.72,0.00,300499,13.15,不复权,正常交易,,,
2022-03-15,300499,12.460,11.680,12.480,11.640,12807862,149595828.16,7.22,-6.03,-0.75,0.00,300499,12.43,不复权,正常交易,,,
2022-03-16,300499,11.990,12.420,12.550,11.620,13918820,172871744.40,8.00,6.34,0.74,0.00,300499,11.68,不复权,正常交易,,,
2022-03-17,300499,12.600,12.650,12.990,12.420,11750000,148637500.00,4.59,1.85,0.23,0.00,300499,12.42,不复权,正常交易,,,
2022-03-18,300499,12.630,12.420,12.670,12.200,8933596,110955262.32,3.85,-1.82,-0.23,0.00,300499,12.65,不复权,正常交易,,,
2022-03-21,300499,12.370,12.980,13.020,12.360,14267975,185198315.50,5.34,4.51,0.56,0.00,300499,12.42,不复权,正常交易,,,
2022-03-22,300499,13.900,12.800,14.250,12.610,31955627,409032025.60,13.01,-1.39,-0.18,0.00,300499,12.98,不复权,正常交易,,,
2022-03-23,300499,12.670,12.650,13.200,12.570,18122281,229246854.65,5.01,-1.17,-0.15,0.00,300499,12.80,不复权,正常交易,,,
2022-03-24,300499,12.500,12.120,12.630,12.040,16918255,205049250.60,4.90,-4.19,-0.53,0.00,300499,12.65,不复权,正常交易,,,
2022-03-25,300499,12.140,11.950,12.250,11.900,9227260,110265757.00,2.94,-1.40,-0.17,0.00,300499,12.12,不复权,正常交易,,,
2022-03-28,300499,11.940,11.650,11.940,11.480,10371475,120827683.75,4.01,-2.51,-0.30,0.00,300499,11.95,不复权,正常交易,,,
2022-03-29,300499,11.850,11.190,11.850,11.080,12318452,137843477.88,6.95,-3.95,-0.46,0.00,300499,11.65,不复权,正常交易,,,
2022-03-30,300499,11.270,11.410,11.450,11.170,9183850,104787728.50,2.51,1.97,0.22,0.00,300499,11.19,不复权,正常交易,,,
2022-03-31,300499,11.300,11.110,11.440,11.100,8944200,99370062.00,3.06,-2.63,-0.30,0.00,300499,11.41,不复权,正常交易,,,
2022-04-01,300499,10.990,11.170,11.250,10.910,7860525,87802064.25,3.12,0.54,0.06,0.00,300499,11.11,不复权,正常交易,,,
2022-04-06,300499,11.120,11.010,11.130,10.870,7439294,81906626.94,2.39,-1.43,-0.16,0.00,300499,11.17,不复权,正常交易,,,
2022-04-07,300499,11.010,10.600,11.010,10.600,8288927,87862626.20,3.87,-3.72,-0.41,0.00,300499,11.01,不复权,正常交易,,,
2022-04-08,300499,10.610,10.510,10.710,10.500,5954350,62580218.50,2.00,-0.85,-0.09,0.00,300499,10.60,不复权,正常交易,,,
2022-04-11,300499,10.430,10.000,10.440,9.910,8788421,87884210.00,5.35,-4.85,-0.51,0.00,300499,10.51,不复权,正常交易,,,
2022-04-12,300499,10.000,10.150,10.180,9.890,6557575,66559386.25,2.93,1.50,0.15,0.00,300499,10.00,不复权,正常交易,,,
2022-04-13,300499,10.140,9.750,10.140,9.740,7065800,68891550.00,4.11,-3.94,-0.40,0.00,300499,10.15,不复权,正常交易,,,
2022-04-14,300499,9.790,9.740,9.930,9.640,6646901,64740815.74,3.01,-0.10,-0.01,0.00,300499,9.75,不复权,正常交易,,,
2022-04-15,300499,9.690,9.470,9.700,9.330,7540050,71404273.50,3.97,-2.77,-0.27,0.00,300499,9.74,不复权,正常交易,,,
2022-04-18,300499,9.360,9.780,9.800,9.210,8724985,85330353.30,6.41,3.27,0.31,0.00,300499,9.47,不复权,正常交易,,,
2022-04-19,300499,9.720,9.530,9.890,9.420,8381500,79875695.00,4.99,-2.56,-0.25,0.00,300499,9.78,不复权,正常交易,,,
2022-04-20,300499,9.600,9.340,9.740,9.280,6990100,65287534.00,4.96,-1.99,-0.19,0.00,300499,9.53,不复权,正常交易,,,
2022-04-21,300499,9.320,8.890,9.390,8.870,8108470,72084298.30,5.86,-4.82,-0.45,0.00,300499,9.34,不复权,正常交易,,,
2022-04-22,300499,8.880,8.890,9.050,8.780,7370325,65522189.25,3.08,0.00,0.00,0.00,300499,8.89,不复权,正常交易,,,
2022-04-25,300499,8.740,7.990,8.750,7.960,11779223,94115991.77,9.92,-10.12,-0.90,0.00,300499,8.89,不复权,正常交易,,,
2022-04-26,300499,8.160,7.710,8.160,7.700,9381115,72328396.65,5.97,-3.50,-0.28,0.00,300499,7.99,不复权,正常交易,,,
2022-04-27,300499,7.680,8.230,8.290,7.500,11284549,92871838.27,10.53,6.74,0.52,0.00,300499,7.71,不复权,正常交易,,,
2022-04-28,300499,8.180,8.240,8.400,7.980,10778613,88815771.12,5.26,0.12,0.01,0.00,300499,8.23,不复权,正常交易,,,
2022-04-29,300499,8.390,8.520,8.640,8.180,9393422,80031955.44,5.62,3.40,0.28,0.00,300499,8.24,不复权,正常交易,,,
2022-05-05,300499,8.510,8.500,8.700,8.330,10278118,87364003.00,4.44,-0.23,-0.02,0.00,300499,8.52,不复权,正常交易,,,
2022-05-06,300499,8.210,8.370,8.540,8.090,7090555,59347945.35,5.56,-1.53,-0.13,0.00,300499,8.50,不复权,正常交易,,,
2022-05-09,300499,8.330,8.510,8.530,8.330,6932925,58999191.75,2.40,1.67,0.14,0.00,300499,8.37,不复权,正常交易,,,
2022-05-10,300499,8.400,8.720,8.780,8.300,13048455,113782527.60,5.78,2.47,0.21,0.00,300499,8.51,不复权,正常交易,,,
2022-05-11,300499,8.770,8.960,9.290,8.710,14169320,126957107.20,6.66,2.75,0.24,0.00,300499,8.72,不复权,正常交易,,,
2022-05-12,300499,8.990,9.130,9.140,8.920,8210450,74961408.50,2.47,1.90,0.17,0.00,300499,8.96,不复权,正常交易,,,
2022-05-13,300499,9.140,9.080,9.220,9.050,6939900,63014292.00,1.88,-0.55,-0.05,0.00,300499,9.13,不复权,正常交易,,,
2022-05-16,300499,9.150,9.070,9.300,8.990,7126152,64634198.64,3.45,-0.11,-0.01,0.00,300499,9.08,不复权,正常交易,,,
2022-05-17,300499,9.090,9.260,9.450,8.950,13223138,122446257.88,5.59,2.09,0.19,0.00,300499,9.07,不复权,正常交易,,,
2022-05-18,300499,9.200,9.510,9.680,9.200,16059138,152722402.38,5.22,2.70,0.25,0.00,300499,9.26,不复权,正常交易,,,
2022-05-19,300499,9.360,9.760,9.860,9.300,12570075,122683932.00,6.02,2.63,0.25,0.00,300499,9.51,不复权,正常交易,,,
2022-05-20,300499,10.330,10.000,10.680,9.750,22966069,229660690.00,9.54,2.46,0.24,0.00,300499,9.76,不复权,正常交易,,,
2022-05-23,300499,10.150,10.070,10.150,9.770,15042415,151477119.05,3.89,0.70,0.07,0.00,300499,10.00,不复权,正常交易,,,
2022-05-24,300499,10.060,9.610,10.540,9.610,17868339,171714737.79,9.68,-4.57,-0.46,0.00,300499,10.07,不复权,正常交易,,,
2022-05-25,300499,9.590,10.210,10.320,9.590,21465146,219159140.66,7.61,6.24,0.60,0.00,300499,9.61,不复权,正常交易,,,
2022-05-26,300499,10.260,10.040,10.300,9.800,16173121,162378134.84,5.10,-1.67,-0.17,0.00,300499,10.21,不复权,正常交易,,,
2022-05-27,300499,10.030,9.900,10.230,9.830,10802144,106941225.60,4.07,-1.39,-0.14,0.00,300499,10.04,不复权,正常交易,,,
2022-05-30,300499,9.970,10.150,10.180,9.600,12407169,125932765.35,6.04,2.53,0.25,0.00,300499,9.90,不复权,正常交易,,,
2022-05-31,300499,10.150,10.210,10.360,9.930,19444700,198530387.00,4.33,0.59,0.06,0.00,300499,10.15,不复权,正常交易,,,
2022-06-01,300499,10.230,10.720,10.860,10.080,28650567,307134078.24,7.74,5.00,0.51,0.00,300499,10.21,不复权,正常交易,,,
2022-06-02,300499,10.640,10.920,11.100,10.600,29718956,324530999.52,4.72,1.87,0.20,0.00,300499,10.72,不复权,正常交易,,,
2022-06-06,300499,10.720,10.810,10.910,10.580,19943937,215593958.97,3.12,-1.01,-0.11,0.00,300499,10.92,不复权,正常交易,,,
2022-06-07,300499,10.770,10.610,11.140,10.550,19267107,204424005.27,5.59,-1.85,-0.20,0.00,300499,10.81,不复权,正常交易,,,
2022-06-08,300499,10.770,10.550,10.940,10.280,15853750,167257062.50,6.42,-0.57,-0.06,0.00,300499,10.61,不复权,正常交易,,,
2022-06-09,300499,10.550,10.090,10.550,10.050,11524575,116282961.75,4.98,-4.36,-0.46,0.00,300499,10.55,不复权,正常交易,,,
2022-06-10,300499,9.980,10.510,10.620,9.930,15165295,159387250.45,6.95,4.16,0.42,0.00,300499,10.09,不复权,正常交易,,,
2022-06-13,300499,10.430,10.520,10.820,10.400,16019300,168523036.00,4.04,0.10,0.01,0.00,300499,10.51,不复权,正常交易,,,
2022-06-14,300499,10.400,10.410,10.430,10.070,11382200,118488702.00,3.57,-1.05,-0.11,0.00,300499,10.52,不复权,正常交易,,,
2022-06-15,300499,10.440,10.190,10.520,10.170,10944375,111523181.25,3.44,-2.11,-0.22,0.00,300499,10.41,不复权,正常交易,,,
2022-06-16,300499,10.200,10.460,10.580,10.200,12094810,126511712.60,3.73,2.65,0.27,0.00,300499,10.19,不复权,正常交易,,,
2022-06-17,300499,10.550,11.690,12.250,10.540,41139943,480925933.67,16.22,11.76,1.23,0.00,300499,10.46,不复权,正常交易,,,
2022-06-20,300499,12.220,12.680,12.990,11.450,51649393,654914303.24,13.45,8.47,0.99,0.00,300499,11.69,不复权,正常交易,,,
2022-06-21,300499,12.390,11.920,12.450,11.800,31931471,380623134.32,5.51,-5.99,-0.76,0.00,300499,12.68,不复权,正常交易,,,
2022-06-22,300499,11.920,11.990,12.080,11.600,21772833,261056267.67,4.14,0.59,0.07,0.00,300499,11.92,不复权,正常交易,,,
2022-06-23,300499,12.060,12.390,12.450,11.700,28255223,350082212.97,6.41,3.34,0.40,0.00,300499,11.99,不复权,正常交易,,,
2022-06-24,300499,12.800,13.070,13.450,12.610,38000503,496666574.21,6.66,5.49,0.68,0.00,300499,12.39,不复权,正常交易,,,
2022-06-27,300499,13.160,13.080,13.540,12.830,31799319,415935092.52,5.53,0.08,0.01,0.00,300499,13.07,不复权,正常交易,,,
2022-06-28,300499,12.840,12.920,13.020,12.650,26900458,347553917.36,2.92,-1.22,-0.16,0.00,300499,13.08,不复权,正常交易,,,
2022-06-29,300499,13.050,11.960,13.070,11.930,26564908,317716299.68,9.56,-7.43,-0.96,0.00,300499,12.92,不复权,正常交易,,,
2022-06-30,300499,11.850,12.070,12.170,11.750,16406023,198020697.61,3.57,0.92,0.11,0.00,300499,11.96,不复权,正常交易,,,
2022-07-01,300499,12.010,12.090,12.280,11.830,11268285,136233565.65,3.80,0.17,0.02,0.00,300499,12.07,不复权,正常交易,,,
2022-07-04,300499,11.930,12.610,12.700,11.800,17385950,219236829.50,7.63,4.30,0.52,0.00,300499,12.09,不复权,正常交易,,,
2022-07-05,300499,12.590,12.270,12.660,12.070,11289025,138516336.75,4.89,-2.70,-0.34,0.00,300499,12.61,不复权,正常交易,,,
2022-07-06,300499,12.300,12.650,13.100,12.200,25344634,320609620.10,7.38,3.10,0.38,0.00,300499,12.27,不复权,正常交易,,,
2022-07-07,300499,12.350,12.940,13.100,12.090,24639139,318830458.66,8.35,2.29,0.29,0.00,300499,12.65,不复权,正常交易,,,
2022-07-08,300499,13.030,13.070,13.320,12.740,28474387,372160238.09,4.55,1.00,0.13,0.00,300499,12.94,不复权,正常交易,,,
2022-07-11,300499,13.090,12.710,13.100,12.440,19476512,247546467.52,5.31,-2.75,-0.36,0.00,300499,13.07,不复权,正常交易,,,
2022-07-12,300499,12.550,11.920,12.600,11.880,18651446,222325236.32,6.06,-6.22,-0.79,0.00,300499,12.71,不复权,正常交易,,,
2022-07-13,300499,11.790,12.460,12.640,11.790,20351788,253583278.48,7.21,4.53,0.54,0.00,300499,11.92,不复权,正常交易,,,
2022-07-14,300499,12.000,12.870,13.220,11.420,41080003,528699638.61,15.76,3.29,0.41,0.00,300499,12.46,不复权,正常交易,,,
2022-07-15,300499,12.910,13.400,14.130,12.700,43552845,583608123.00,11.26,4.12,0.53,0.00,300499,12.87,不复权,正常交易,,,
2022-07-18,300499,13.320,13.540,13.700,13.140,32867784,445029795.36,4.26,1.04,0.14,0.00,300499,13.40,不复权,正常交易,,,
2022-07-19,300499,13.370,14.030,14.370,13.320,40365849,566332861.47,7.88,3.62,0.49,0.00,300499,13.54,不复权,正常交易,,,
2022-07-20,300499,13.880,13.700,13.880,13.330,29092436,398566373.20,4.13,-2.35,-0.33,0.00,300499,14.03,不复权,正常交易,,,
2022-07-21,300499,13.460,13.230,13.660,13.100,24061418,318332560.14,4.27,-3.43,-0.47,0.00,300499,13.70,不复权,正常交易,,,
2022-07-22,300499,13.300,13.060,13.380,12.950,15849406,206993242.36,3.32,-1.28,-0.17,0.00,300499,13.23,不复权,正常交易,,,
2022-07-25,300499,13.050,12.830,13.410,12.830,17080186,219138786.38,4.52,-1.76,-0.23,0.00,300499,13.06,不复权,正常交易,,,
2022-07-26,300499,12.800,12.720,12.840,12.210,14189892,180495426.24,5.16,-0.86,-0.11,0.00,300499,12.83,不复权,正常交易,,,
2022-07-27,300499,12.700,13.610,13.700,12.580,23477207,319524787.27,8.90,7.00,0.89,0.00,300499,12.72,不复权,正常交易,,,
2022-07-28,300499,13.780,13.860,14.150,13.450,26558045,368094503.70,5.20,1.84,0.25,0.00,300499,13.61,不复权,正常交易,,,
2022-07-29,300499,13.710,14.270,14.560,13.700,32436967,462875519.09,6.28,2.96,0.41,0.00,300499,13.86,不复权,正常交易,,,
2022-08-01,300499,14.050,14.880,14.880,13.840,33654217,500774748.96,7.51,4.27,0.61,0.00,300499,14.27,不复权,正常交易,,,
2022-08-02,300499,14.410,13.740,14.530,13.700,28984099,398241520.26,6.06,-7.66,-1.14,0.00,300499,14.88,不复权,正常交易,,,
2022-08-03,300499,13.940,13.550,14.230,13.140,24893150,337302182.50,8.30,-1.38,-0.19,0.00,300499,13.74,不复权,正常交易,,,
2022-08-04,300499,13.720,13.900,14.020,13.400,21263815,295567028.50,4.63,2.58,0.35,0.00,300499,13.55,不复权,正常交易,,,
2022-08-05,300499,13.860,13.270,13.860,13.120,21066413,279551300.51,5.64,-4.53,-0.63,0.00,300499,13.90,不复权,正常交易,,,
2022-08-08,300499,13.110,13.850,13.940,12.690,20470143,283511480.55,9.85,4.37,0.58,0.00,300499,13.27,不复权,正常交易,,,
2022-08-09,300499,13.760,13.570,14.050,13.430,16466023,223443932.11,4.62,-2.02,-0.28,0.00,300499,13.85,不复权,正常交易,,,
2022-08-10,300499,13.600,13.960,14.260,13.560,19482077,271969794.92,5.16,2.87,0.39,0.00,300499,13.57,不复权,正常交易,,,
2022-08-11,300499,13.960,13.700,14.020,13.500,16309005,223433368.50,3.85,-1.86,-0.26,0.00,300499,13.96,不复权,正常交易,,,
2022-08-12,300499,13.510,12.980,13.750,12.970,19298210,250490765.80,6.01,-5.26,-0.72,0.00,300499,13.70,不复权,正常交易,,,
2022-08-15,300499,12.880,13.480,13.630,12.810,16690186,224983707.28,6.40,3.85,0.50,0.00,300499,12.98,不复权,正常交易,,,
2022-08-16,300499,13.590,13.800,14.100,13.400,21010289,289941988.20,5.22,2.37,0.32,0.00,300499,13.48,不复权,正常交易,,,
2022-08-17,300499,14.000,13.470,14.150,13.420,17526130,236076971.10,5.44,-2.39,-0.33,0.00,300499,13.80,不复权,正常交易,,,
2022-08-18,300499,13.400,14.180,14.230,13.250,30994823,439506590.14,7.40,5.27,0.71,0.00,300499,13.47,不复权,正常交易,,,
2022-08-19,300499,14.200,13.960,14.450,13.530,30723859,428905071.64,6.80,-1.55,-0.22,0.00,300499,14.18,不复权,正常交易,,,
2022-08-22,300499,13.600,13.230,13.880,12.990,21686755,286915768.65,6.85,-5.23,-0.73,0.00,300499,13.96,不复权,正常交易,,,
2022-08-23,300499,13.110,14.230,14.260,13.080,32393745,460962991.35,9.02,7.56,1.00,0.00,300499,13.23,不复权,正常交易,,,
2022-08-24,300499,14.500,13.530,14.500,13.450,26329902,356243574.06,7.81,-4.92,-0.70,0.00,300499,14.23,不复权,正常交易,,,
2022-08-25,300499,13.610,12.600,13.700,12.270,25685730,323640198.00,11.65,-6.87,-0.93,0.00,300499,13.53,不复权,正常交易,,,
2022-08-26,300499,12.560,12.100,12.800,12.080,14684897,177687253.70,5.96,-3.97,-0.50,0.00,300499,12.60,不复权,正常交易,,,
2022-08-29,300499,11.840,11.890,12.380,11.780,12611302,149948380.78,5.09,-1.74,-0.21,0.00,300499,12.10,不复权,正常交易,,,
2022-08-30,300499,12.000,11.300,12.000,11.200,14397648,162693422.40,7.14,-4.96,-0.59,0.00,300499,11.89,不复权,正常交易,,,
2022-08-31,300499,11.220,10.680,11.270,10.560,13399126,143102665.68,6.72,-5.49,-0.62,0.00,300499,11.30,不复权,正常交易,,,
2022-09-01,300499,10.670,10.460,10.850,10.390,8099595,84721763.70,4.43,-2.06,-0.22,0.00,300499,10.68,不复权,正常交易,,,
2022-09-02,300499,10.470,10.410,10.590,10.240,10036711,104482161.51,3.42,-0.48,-0.05,0.00,300499,10.46,不复权,正常交易,,,
2022-09-05,300499,10.440,10.320,10.500,10.150,11049334,114029126.88,3.45,-0.86,-0.09,0.00,300499,10.41,不复权,正常交易,,,
2022-09-06,300499,10.360,10.700,10.740,10.100,15455645,165375401.50,6.34,3.68,0.38,0.00,300499,10.32,不复权,正常交易,,,
2022-09-07,300499,10.700,10.850,11.010,10.560,12737185,138198457.25,4.26,1.40,0.15,0.00,300499,10.70,不复权,正常交易,,,
2022-09-08,300499,10.880,10.610,11.150,10.560,8995857,95446042.77,5.59,-2.21,-0.24,0.00,300499,10.85,不复权,正常交易,,,
2022-09-09,300499,10.590,10.410,10.700,10.300,6258303,65148934.23,3.88,-1.89,-0.20,0.00,300499,10.61,不复权,正常交易,,,
2022-09-13,300499,10.430,10.460,10.520,10.280,5584268,58411443.28,2.33,0.48,0.05,0.00,300499,10.41,不复权,正常交易,,,
2022-09-14,300499,10.220,10.260,10.420,10.100,6191853,63528411.78,3.17,-1.91,-0.20,0.00,300499,10.46,不复权,正常交易,,,
2022-09-15,300499,10.280,9.650,10.290,9.500,11001407,106163577.55,8.32,-5.95,-0.61,0.00,300499,10.26,不复权,正常交易,,,
2022-09-16,300499,9.650,9.450,9.720,9.400,6641162,62758980.90,3.40,-2.07,-0.20,0.00,300499,9.65,不复权,正常交易,,,
2022-09-19,300499,9.460,9.320,9.600,9.220,5519683,51443445.56,4.12,-1.38,-0.13,0.00,300499,9.45,不复权,正常交易,,,
2022-09-20,300499,9.420,9.660,9.720,9.410,6020300,58156098.00,3.29,3.65,0.34,0.00,300499,9.32,不复权,正常交易,,,
2022-09-21,300499,9.600,9.620,9.690,9.410,4670510,44930306.20,2.98,-0.41,-0.04,0.00,300499,9.66,不复权,正常交易,,,
2022-09-22,300499,9.560,9.630,9.850,9.510,5111902,49227616.26,3.58,0.10,0.01,0.00,300499,9.62,不复权,正常交易,,,
2022-09-23,300499,9.700,9.390,9.830,9.300,6165422,57893312.58,5.70,-2.49,-0.24,0.00,300499,9.63,不复权,正常交易,,,
2022-09-26,300499,9.300,9.930,10.050,9.200,12075693,119911631.49,9.24,5.75,0.54,0.00,300499,9.39,不复权,正常交易,,,
2022-09-27,300499,9.900,9.970,10.080,9.690,9158832,91313555.04,4.02,0.40,0.04,0.00,300499,9.93,不复权,正常交易,,,
2022-09-28,300499,9.950,9.440,9.950,9.410,6557285,61900770.40,5.74,-5.32,-0.53,0.00,300499,9.97,不复权,正常交易,,,
2022-09-29,300499,9.540,9.360,9.570,9.300,5215951,48821301.36,2.90,-0.85,-0.08,0.00,300499,9.44,不复权,正常交易,,,
2022-09-30,300499,9.360,8.910,9.400,8.910,8932087,79584895.17,5.50,-4.81,-0.45,0.00,300499,9.36,不复权,正常交易,,,
2022-10-10,300499,8.950,8.860,9.230,8.810,6400062,56704549.32,4.77,-0.56,-0.05,0.00,300499,8.91,不复权,正常交易,,,
2022-10-11,300499,8.990,9.290,9.340,8.870,7232227,67187388.83,5.30,4.85,0.43,0.00,300499,8.86,不复权,正常交易,,,
2022-10-12,300499,9.310,9.780,9.780,9.180,9909423,96914156.94,6.54,5.27,0.49,0.00,300499,9.29,不复权,正常交易,,,
2022-10-13,300499,9.700,9.750,9.960,9.670,7740776,75472566.00,3.00,-0.31,-0.03,0.00,300499,9.78,不复权,正常交易,,,
2022-10-14,300499,9.800,10.320,10.400,9.660,13592006,140269501.92,7.66,5.85,0.57,0.00,300499,9.75,不复权,正常交易,,,
2022-10-17,300499,10.270,10.440,10.450,10.200,8253433,86165840.52,2.45,1.16,0.12,0.00,300499,10.32,不复权,正常交易,,,
2022-10-18,300499,10.450,10.800,11.150,10.340,15694698,169502738.40,7.83,3.45,0.36,0.00,300499,10.44,不复权,正常交易,,,
2022-10-19,300499,10.800,10.900,11.260,10.720,15177163,165431076.70,5.04,0.93,0.10,0.00,300499,10.80,不复权,正常交易,,,
2022-10-20,300499,10.780,10.700,10.950,10.490,10525633,112624273.10,4.39,-1.83,-0.20,0.00,300499,10.90,不复权,正常交易,,,
2022-10-21,300499,10.800,10.810,11.020,10.650,6756057,73032976.17,3.47,1.03,0.11,0.00,300499,10.70,不复权,正常交易,,,
2022-10-24,300499,10.810,10.850,11.190,10.730,10232330,111020780.50,4.29,0.37,0.04,0.00,300499,10.81,不复权,正常交易,,,
2022-10-25,300499,10.810,10.840,11.080,10.550,9210998,99847218.32,5.02,-0.09,-0.01,0.00,300499,10.85,不复权,正常交易,,,
2022-10-26,300499,10.860,11.000,11.160,10.780,9376820,103145020.00,3.53,1.48,0.16,0.00,300499,10.84,不复权,正常交易,,,
2022-10-27,300499,10.860,10.570,11.140,10.530,12081521,127701676.97,5.79,-3.91,-0.43,0.00,300499,11.00,不复权,正常交易,,,
2022-10-28,300499,10.560,10.160,10.680,10.080,10214113,103775388.08,5.95,-3.88,-0.41,0.00,300499,10.57,不复权,正常交易,,,
2022-10-31,300499,9.990,10.160,10.350,9.990,5387837,54740423.92,3.60,0.00,0.00,0.00,300499,10.16,不复权,正常交易,,,
2022-11-01,300499,10.160,10.640,10.650,10.130,7738961,82342545.04,5.13,4.72,0.48,0.00,300499,10.16,不复权,正常交易,,,
2022-11-02,300499,10.740,10.780,10.900,10.560,7054513,76047650.14,3.22,1.32,0.14,0.00,300499,10.64,不复权,正常交易,,,
2022-11-03,300499,10.750,10.650,10.970,10.610,6126407,65246234.55,3.39,-1.21,-0.13,0.00,300499,10.78,不复权,正常交易,,,
2022-11-04,300499,10.680,10.880,10.920,10.600,5975120,65009305.60,3.02,2.16,0.23,0.00,300499,10.65,不复权,正常交易,,,
2022-11-07,300499,11.040,11.590,11.850,11.040,20028948,232135507.32,7.34,6.53,0.71,0.00,300499,10.88,不复权,正常交易,,,
2022-11-08,300499,11.620,11.240,12.000,11.050,15592302,175257474.48,8.60,-3.02,-0.35,0.00,300499,11.59,不复权,正常交易,,,
2022-11-09,300499,11.260,11.130,11.410,10.650,17201862,191456724.06,7.14,-0.98,-0.11,0.00,300499,11.24,不复权,正常交易,,,
2022-11-10,300499,11.030,10.860,11.100,10.740,11496592,124852989.12,3.35,-2.43,-0.27,0.00,300499,11.13,不复权,正常交易,,,
2022-11-11,300499,11.060,10.620,11.120,10.560,12274995,130360446.90,5.30,-2.21,-0.24,0.00,300499,10.86,不复权,正常交易,,,
2022-11-14,300499,10.600,10.320,10.620,10.250,7392900,76294728.00,3.61,-2.82,-0.30,0.00,300499,10.62,不复权,正常交易,,,
2022-11-15,300499,10.270,10.440,10.460,10.260,7336886,76597089.84,1.95,1.16,0.12,0.00,300499,10.32,不复权,正常交易,,,
2022-11-16,300499,10.750,11.340,11.450,10.650,27537305,312273038.70,7.51,8.62,0.90,0.00,300499,10.44,不复权,正常交易,,,
2022-11-17,300499,11.570,11.110,11.650,10.950,15953131,177239285.41,6.39,-2.03,-0.23,0.00,300499,11.34,不复权,正常交易,,,
2022-11-18,300499,11.200,11.340,11.680,10.860,19079983,216367007.22,7.55,2.07,0.23,0.00,300499,11.11,不复权,正常交易,,,
2022-11-21,300499,11.810,12.220,12.500,11.710,29995630,366546598.60,6.75,7.76,0.88,0.00,300499,11.34,不复权,正常交易,,,
2022-11-22,300499,12.100,12.000,12.580,11.930,22160383,265924596.00,5.45,-1.80,-0.22,0.00,300499,12.22,不复权,正常交易,,,
2022-11-23,300499,11.960,11.790,11.980,11.120,18098348,213379522.92,7.73,-1.75,-0.21,0.00,300499,12.00,不复权,正常交易,,,
2022-11-24,300499,11.780,11.870,12.130,11.550,12692941,150665209.67,5.02,0.68,0.08,0.00,300499,11.79,不复权,正常交易,,,
2022-11-25,300499,11.860,11.240,11.980,11.210,11240615,126344512.60,6.87,-5.31,-0.63,0.00,300499,11.87,不复权,正常交易,,,
2022-11-28,300499,10.950,11.360,11.550,10.920,9608950,109157672.00,5.77,1.07,0.12,0.00,300499,11.24,不复权,正常交易,,,
2022-11-29,300499,11.280,11.350,11.480,11.210,7633548,86640769.80,2.41,-0.09,-0.01,0.00,300499,11.36,不复权,正常交易,,,
2022-11-30,300499,11.310,11.230,11.500,10.960,7207613,80941493.99,4.93,-1.06,-0.12,0.00,300499,11.35,不复权,正常交易,,,
2022-12-01,300499,11.340,11.770,11.800,11.230,13241312,155850242.24,5.08,4.81,0.54,0.00,300499,11.23,不复权,正常交易,,,
2022-12-02,300499,11.660,11.940,12.150,11.600,12916256,154220096.64,4.74,1.44,0.17,0.00,300499,11.77,不复权,正常交易,,,
2022-12-05,300499,11.960,11.620,11.960,11.450,10581061,122951928.82,4.45,-2.68,-0.32,0.00,300499,11.94,不复权,正常交易,,,
2022-12-06,300499,11.520,11.530,11.800,11.460,8566877,98776091.81,2.97,-0.77,-0.09,0.00,300499,11.62,不复权,正常交易,,,
2022-12-07,300499,11.410,11.370,11.650,11.300,6280464,71408875.68,3.10,-1.39,-0.16,0.00,300499,11.53,不复权,正常交易,,,
2022-12-08,300499,11.350,11.200,11.600,11.200,7169487,80298254.40,3.57,-1.50,-0.17,0.00,300499,11.37,不复权,正常交易,,,
2022-12-09,300499,11.180,10.990,11.220,10.940,6781632,74530135.68,2.56,-1.87,-0.21,0.00,300499,11.20,不复权,正常交易,,,
2022-12-12,300499,10.940,10.650,10.980,10.530,11347185,120847520.25,4.27,-3.09,-0.34,0.00,300499,10.99,不复权,正常交易,,,
2022-12-13,300499,10.640,10.380,10.770,10.300,8256077,85698079.26,4.56,-2.54,-0.27,0.00,300499,10.65,不复权,正常交易,,,
2022-12-14,300499,10.310,10.270,10.480,10.200,6116432,62815756.64,2.75,-1.06,-0.11,0.00,300499,10.38,不复权,正常交易,,,
2022-12-15,300499,10.200,10.510,10.540,10.200,4802735,50476744.85,3.33,2.34,0.24,0.00,300499,10.27,不复权,正常交易,,,
2022-12-16,300499,10.460,10.030,10.490,9.900,8512661,85381989.83,5.96,-4.57,-0.48,0.00,300499,10.51,不复权,正常交易,,,
2022-12-19,300499,10.030,9.900,10.130,9.810,4551335,45058216.50,3.26,-1.30,-0.13,0.00,300499,10.03,不复权,正常交易,,,
2022-12-20,300499,10.090,9.880,10.090,9.820,3887594,38409428.72,2.75,-0.20,-0.02,0.00,300499,9.90,不复权,正常交易,,,
2022-12-21,300499,9.910,9.700,9.930,9.600,5269137,51110628.90,3.44,-1.82,-0.18,0.00,300499,9.88,不复权,正常交易,,,
2022-12-22,300499,9.690,9.450,9.800,9.410,4946200,46741590.00,4.14,-2.58,-0.25,0.00,300499,9.70,不复权,正常交易,,,
2022-12-23,300499,9.500,9.320,9.530,9.190,4747500,44246700.00,3.70,-1.38,-0.13,0.00,300499,9.45,不复权,正常交易,,,
2022-12-26,300499,9.320,9.960,10.020,9.220,8562339,85280896.44,8.68,6.87,0.64,0.00,300499,9.32,不复权,正常交易,,,
2022-12-27,300499,9.980,10.210,10.300,9.930,7136559,72864267.39,3.73,2.51,0.25,0.00,300499,9.96,不复权,正常交易,,,
2022-12-28,300499,10.150,10.090,10.230,10.010,7042354,71057351.86,2.20,-1.18,-0.12,0.00,300499,10.21,不复权,正常交易,,,
2022-12-29,300499,10.070,9.920,10.280,9.890,6488850,64369392.00,3.94,-1.68,-0.17,0.00,300499,10.09,不复权,正常交易,,,
2022-12-30,300499,9.930,9.930,10.110,9.880,3879068,38519145.24,2.33,0.10,0.01,0.00,300499,9.92,不复权,正常交易,,,
2023-01-03,300499,9.900,10.300,10.350,9.900,12835408,132204702.40,4.55,3.73,0.37,0.00,300499,9.93,不复权,正常交易,,,
2023-01-04,300499,10.250,10.370,10.640,10.200,8877216,92056729.92,4.31,0.68,0.07,0.00,300499,10.30,不复权,正常交易,,,
2023-01-05,300499,10.370,10.570,10.630,10.210,12230601,129277452.57,4.11,1.93,0.20,0.00,300499,10.37,不复权,正常交易,,,
2023-01-06,300499,10.510,10.660,10.870,10.500,11385402,121368385.32,3.52,0.85,0.09,0.00,300499,10.57,不复权,正常交易,,,
2023-01-09,300499,10.780,10.650,10.980,10.570,10062467,107165273.55,3.88,-0.09,-0.01,0.00,300499,10.66,不复权,正常交易,,,
2023-01-10,300499,10.700,10.640,10.700,10.520,5366101,57095314.64,1.71,-0.09,-0.01,0.00,300499,10.65,不复权,正常交易,,,
2023-01-11,300499,11.760,11.930,12.300,11.340,47009427,560822464.11,8.47,12.12,1.29,0.00,300499,10.64,不复权,正常交易,,,
2023-01-12,300499,11.910,12.850,13.140,11.720,48611827,624661976.95,12.12,7.71,0.92,0.00,300499,11.93,不复权,正常交易,,,
2023-01-13,300499,12.860,12.600,13.050,12.390,22455816,282943281.60,5.33,-1.95,-0.25,0.00,300499,12.85,不复权,正常交易,,,
2023-01-16,300499,12.590,12.380,12.630,12.230,15618881,193361746.78,3.27,-1.75,-0.22,0.00,300499,12.60,不复权,正常交易,,,
2023-01-17,300499,12.270,12.820,12.930,12.270,19903102,255157767.64,5.38,3.55,0.44,0.00,300499,12.38,不复权,正常交易,,,
2023-01-18,300499,12.670,12.600,12.890,12.410,10586423,133388929.80,3.87,-1.72,-0.22,0.00,300499,12.82,不复权,正常交易,,,
2023-01-19,300499,12.600,12.700,12.900,12.450,10261808,130324961.60,3.61,0.79,0.10,0.00,300499,12.60,不复权,正常交易,,,
2023-01-20,300499,12.830,12.790,12.920,12.580,9386667,120055470.93,2.70,0.71,0.09,0.00,300499,12.70,不复权,正常交易,,,
2023-01-30,300499,13.050,12.880,13.190,12.860,11051916,142348678.08,2.57,0.70,0.09,0.00,300499,12.79,不复权,正常交易,,,
2023-01-31,300499,12.850,13.250,13.490,12.770,17904940,237240455.00,5.64,2.87,0.37,0.00,300499,12.88,不复权,正常交易,,,
2023-02-01,300499,13.100,13.420,13.480,12.930,12675434,170104324.28,4.25,1.28,0.17,0.00,300499,13.25,不复权,正常交易,,,
2023-02-02,300499,13.300,13.320,13.460,13.200,6577856,87617041.92,1.97,-0.75,-0.10,0.00,300499,13.42,不复权,正常交易,,,
2023-02-03,300499,13.210,13.060,13.390,12.810,11453528,149583075.68,4.53,-1.95,-0.26,0.00,300499,13.32,不复权,正常交易,,,
2023-02-06,300499,12.900,12.920,13.180,12.730,12473741,161160733.72,3.53,-1.07,-0.14,0.00,300499,13.06,不复权,正常交易,,,
2023-02-07,300499,12.880,12.750,12.990,12.530,10966530,139823257.50,3.67,-1.32,-0.17,0.00,300499,12.92,不复权,正常交易,,,
2023-02-08,300499,12.650,13.120,13.500,12.650,15593995,204593214.40,6.72,2.90,0.37,0.00,300499,12.75,不复权,正常交易,,,
2023-02-09,300499,13.040,13.420,13.510,12.920,12585412,168896229.04,4.57,2.29,0.30,0.00,300499,13.12,不复权,正常交易,,,
2023-02-10,300499,13.260,13.500,13.960,13.260,15314200,206741700.00,5.28,0.60,0.08,0.00,300499,13.42,不复权,正常交易,,,
2023-02-13,300499,13.500,13.780,13.950,13.400,17644239,243137613.42,4.10,2.07,0.28,0.00,300499,13.50,不复权,正常交易,,,
2023-02-14,300499,13.780,13.990,14.400,13.650,15751143,220358490.57,5.49,1.52,0.21,0.00,300499,13.78,不复权,正常交易,,,
2023-02-15,300499,13.950,14.630,14.810,13.940,22779433,333263104.79,6.24,4.57,0.64,0.00,300499,13.99,不复权,正常交易,,,
2023-02-16,300499,15.200,13.660,15.400,13.610,32207581,439955556.46,13.15,-6.63,-0.97,0.00,300499,14.63,不复权,正常交易,,,
2023-02-17,300499,13.600,13.460,14.150,13.430,19130438,257495695.48,5.36,-1.46,-0.20,0.00,300499,13.66,不复权,正常交易,,,
2023-02-20,300499,13.470,14.380,14.580,13.060,24579064,353446940.32,11.64,6.84,0.92,0.00,300499,13.46,不复权,正常交易,,,
2023-02-21,300499,14.320,14.000,14.550,13.800,15495776,216940864.00,5.43,-2.64,-0.38,0.00,300499,14.38,不复权,正常交易,,,
2023-02-22,300499,13.700,13.780,14.280,13.630,11989228,165211561.84,4.77,-1.57,-0.22,0.00,300499,14.00,不复权,正常交易,,,
2023-02-23,300499,13.890,13.890,14.150,13.750,8551465,118779848.85,2.91,0.80,0.11,0.00,300499,13.78,不复权,正常交易,,,
2023-02-24,300499,13.850,13.540,13.890,13.290,13671794,185116090.76,4.51,-2.52,-0.35,0.00,300499,13.89,不复权,正常交易,,,
2023-02-27,300499,13.500,13.450,13.770,13.410,6489550,87284447.50,2.68,-0.66,-0.09,0.00,300499,13.54,不复权,正常交易,,,
2023-02-28,300499,13.590,13.330,13.790,13.040,9059675,120765467.75,5.75,-0.89,-0.12,0.00,300499,13.45,不复权,正常交易,,,
2023-03-01,300499,13.270,13.340,13.390,13.140,7038500,93893590.00,1.90,0.08,0.01,0.00,300499,13.33,不复权,正常交易,,,
2023-03-02,300499,13.270,12.820,13.320,12.700,12529747,160631356.54,4.88,-3.90,-0.52,0.00,300499,13.34,不复权,正常交易,,,
2023-03-03,300499,12.870,12.630,12.930,12.600,7651620,96639960.60,2.62,-1.48,-0.19,0.00,300499,12.82,不复权,正常交易,,,
2023-03-06,300499,12.630,12.910,13.030,12.410,9529448,123025173.68,5.00,2.22,0.28,0.00,300499,12.63,不复权,正常交易,,,
2023-03-07,300499,12.890,12.590,12.910,12.590,6282208,79092998.72,2.54,-2.48,-0.32,0.00,300499,12.91,不复权,正常交易,,,
2023-03-08,300499,12.600,12.910,13.090,12.560,8022917,103575858.47,4.22,2.54,0.32,0.00,300499,12.59,不复权,正常交易,,,
2023-03-09,300499,12.950,12.640,13.030,12.490,7084477,89547789.28,4.32,-2.09,-0.27,0.00,300499,12.91,不复权,正常交易,,,
2023-03-10,300499,12.510,12.530,12.700,12.370,6298589,78921320.17,2.67,-0.87,-0.11,0.00,300499,12.64,不复权,正常交易,,,
2023-03-13,300499,12.520,12.370,12.610,12.130,8543775,105686496.75,3.96,-1.28,-0.16,0.00,300499,12.53,不复权,正常交易,,,
2023-03-14,300499,12.430,12.110,12.430,11.900,5401310,65409864.10,4.45,-2.10,-0.26,0.00,300499,12.37,不复权,正常交易,,,
2023-03-15,300499,12.180,12.470,12.600,12.180,6683500,83343245.00,3.45,2.97,0.36,0.00,300499,12.11,不复权,正常交易,,,
2023-03-16,300499,12.470,12.020,12.470,11.970,6292500,75635850.00,4.18,-3.61,-0.45,0.00,300499,12.47,不复权,正常交易,,,
2023-03-17,300499,12.100,12.010,12.200,11.940,5843147,70176195.47,2.18,-0.08,-0.01,0.00,300499,12.02,不复权,正常交易,,,
2023-03-20,300499,11.940,12.280,12.380,11.580,14159560,173879396.80,6.91,2.25,0.27,0.00,300499,12.01,不复权,正常交易,,,
2023-03-21,300499,12.270,12.730,12.810,12.220,10856278,138200418.94,4.83,3.66,0.45,0.00,300499,12.28,不复权,正常交易,,,
2023-03-22,300499,12.700,13.330,13.470,12.510,17558019,234048393.27,7.67,4.71,0.60,0.00,300499,12.73,不复权,正常交易,,,
2023-03-23,300499,13.560,13.610,13.690,13.310,19543422,265985973.42,2.85,2.10,0.28,0.00,300499,13.33,不复权,正常交易,,,
2023-03-24,300499,13.560,13.720,13.810,13.390,14130066,193864505.52,3.14,0.81,0.11,0.00,300499,13.61,不复权,正常交易,,,
2023-03-27,300499,13.650,13.690,14.110,13.620,18532870,253714990.30,3.60,-0.22,-0.03,0.00,300499,13.72,不复权,正常交易,,,
2023-03-28,300499,13.720,13.370,13.900,13.290,12061266,161259126.42,4.59,-2.34,-0.32,0.00,300499,13.69,不复权,正常交易,,,
2023-03-29,300499,13.320,13.250,13.530,13.160,7434353,98505177.25,2.81,-0.90,-0.12,0.00,300499,13.37,不复权,正常交易,,,
2023-03-30,300499,13.400,13.560,13.630,12.960,14442785,195844164.60,5.17,2.34,0.31,0.00,300499,13.25,不复权,正常交易,,,
2023-03-31,300499,13.730,13.300,14.080,13.190,18259986,242857813.80,6.75,-1.92,-0.26,0.00,300499,13.56,不复权,正常交易,,,
2023-04-03,300499,13.330,13.370,13.610,13.120,14438807,193046849.59,3.73,0.53,0.07,0.00,300499,13.30,不复权,正常交易,,,
2023-04-04,300499,13.250,12.890,13.450,12.800,13088151,168706266.39,5.08,-3.59,-0.48,0.00,300499,13.37,不复权,正常交易,,,
2023-04-06,300499,12.750,13.800,14.100,12.680,27434183,378591725.40,11.20,7.06,0.91,0.00,300499,12.89,不复权,正常交易,,,
2023-04-07,300499,13.620,13.300,13.660,13.200,17551224,233431279.20,3.48,-3.62,-0.50,0.00,300499,13.80,不复权,正常交易,,,
2023-04-10,300499,14.050,13.720,14.480,13.450,32825576,450366902.72,7.66,3.16,0.42,0.00,300499,13.30,不复权,正常交易,,,
2023-04-11,300499,13.550,13.500,13.770,13.130,21293330,287459955.00,4.87,-1.60,-0.22,0.00,300499,13.72,不复权,正常交易,,,
2023-04-12,300499,13.490,15.680,16.200,13.490,74659565,1170661979.20,20.09,16.15,2.18,0.00,300499,13.50,不复权,正常交易,,,
2023-04-13,300499,15.400,15.780,16.470,15.280,75721087,1194878752.86,7.79,0.64,0.10,0.00,300499,15.68,不复权,正常交易,,,
2023-04-14,300499,16.270,16.290,17.110,15.770,80700356,1314608799.24,8.50,3.23,0.51,0.00,300499,15.78,不复权,正常交易,,,
2023-04-17,300499,16.800,15.870,16.890,15.490,68215212,1082575414.44,9.04,-2.58,-0.42,0.00,300499,16.29,不复权,正常交易,,,
2023-04-18,300499,16.020,17.310,17.820,16.020,75653832,1309567831.92,11.24,9.07,1.44,0.00,300499,15.87,不复权,正常交易,,,
2023-04-19,300499,17.230,18.000,19.880,16.950,88095353,1585716354.00,17.29,3.99,0.69,0.00,300499,17.31,不复权,正常交易,,,
2023-04-20,300499,18.880,19.200,19.630,18.330,79509264,1526577868.80,7.09,6.67,1.20,0.00,300499,18.00,不复权,正常交易,,,
2023-04-21,300499,19.030,21.000,21.650,18.920,95525592,2006037432.00,14.43,9.38,1.80,0.00,300499,19.20,不复权,正常交易,,,
2023-04-24,300499,21.780,21.730,22.650,20.840,80611623,1751690567.79,8.69,3.48,0.73,0.00,300499,21.00,不复权,正常交易,,,
2023-04-25,300499,21.360,21.530,23.530,20.620,102208382,2200546464.46,14.11,-0.92,-0.20,0.00,300499,21.73,不复权,正常交易,,,
2023-04-26,300499,23.130,25.840,25.840,22.660,124040962,3205218458.08,14.03,20.02,4.31,0.00,300499,21.53,不复权,正常交易,,,
2023-04-27,300499,24.900,21.600,25.150,20.800,138709201,2996118741.60,20.91,-16.41,-4.24,0.00,300499,25.84,不复权,正常交易,,,
2023-04-28,300499,21.280,23.080,24.280,21.280,104449501,2410694483.08,14.10,6.85,1.48,0.00,300499,21.60,不复权,正常交易,,,
2023-05-04,300499,23.650,23.750,24.730,22.890,97859918,2324173052.50,8.04,2.90,0.67,0.00,300499,23.08,不复权,正常交易,,,
2023-05-05,300499,23.000,19.000,23.160,19.000,98218329,1866148251.00,21.89,-20.00,-4.75,0.00,300499,23.75,不复权,正常交易,,,
2023-05-08,300499,19.270,18.910,19.280,17.920,83851363,1585629274.33,7.59,-0.47,-0.09,0.00,300499,19.00,不复权,正常交易,,,
2023-05-09,300499,18.580,17.700,19.160,17.530,74486905,1318418218.50,9.30,-6.40,-1.21,0.00,300499,18.91,不复权,正常交易,,,
2023-05-10,300499,17.310,17.400,17.700,16.900,49591348,862889455.20,4.73,-1.69,-0.30,0.00,300499,17.70,不复权,正常交易,,,
2023-05-11,300499,17.400,16.910,17.470,16.750,37904567,640966227.97,4.30,-2.82,-0.49,0.00,300499,17.40,不复权,正常交易,,,
2023-05-12,300499,16.700,16.580,17.110,16.580,31653821,524820352.18,3.20,-1.95,-0.33,0.00,300499,16.91,不复权,正常交易,,,
2023-05-15,300499,16.770,16.960,17.040,16.340,33775957,572840230.72,4.28,2.29,0.38,0.00,300499,16.58,不复权,正常交易,,,
2023-05-16,300499,17.000,16.450,17.030,16.320,32944841,541942634.45,4.35,-3.01,-0.51,0.00,300499,16.96,不复权,正常交易,,,
2023-05-17,300499,16.450,17.100,17.440,16.210,55192059,943784208.90,7.59,3.95,0.65,0.00,300499,16.45,不复权,正常交易,,,
2023-05-18,300499,17.150,18.290,18.410,16.940,77565342,1418670105.18,8.68,6.96,1.19,0.00,300499,17.10,不复权,正常交易,,,
2023-05-19,300499,17.760,17.410,18.100,17.050,57818530,1006620607.30,6.16,-4.81,-0.88,0.00,300499,18.29,不复权,正常交易,,,
2023-05-22,300499,17.290,17.110,17.460,16.610,36583777,625948424.47,5.12,-1.72,-0.30,0.00,300499,17.41,不复权,正常交易,,,
2023-05-23,300499,17.120,16.270,17.200,16.240,37678908,613035833.16,5.91,-4.91,-0.84,0.00,300499,17.11,不复权,正常交易,,,
2023-05-24,300499,16.300,16.530,16.730,16.060,31657251,523294359.03,4.17,1.60,0.26,0.00,300499,16.27,不复权,正常交易,,,
2023-05-25,300499,17.220,16.800,17.750,16.200,49922588,838699478.40,9.57,1.63,0.27,0.00,300499,16.53,不复权,正常交易,,,
2023-05-26,300499,16.660,17.570,17.730,16.350,55611965,977102225.05,8.44,4.58,0.77,0.00,300499,16.80,不复权,正常交易,,,
2023-05-29,300499,17.370,18.590,19.470,17.350,70144347,1303983410.73,12.22,5.81,1.02,0.00,300499,17.57,不复权,正常交易,,,
2023-05-30,300499,17.980,18.730,19.060,17.730,54431843,1019508419.39,7.50,0.75,0.14,0.00,300499,18.59,不复权,正常交易,,,
2023-05-31,300499,18.770,18.150,18.770,17.860,43600506,791349183.90,5.10,-3.10,-0.58,0.00,300499,18.73,不复权,正常交易,,,
2023-06-01,300499,17.770,18.960,19.100,17.680,54173269,1027125180.24,8.03,4.46,0.81,0.00,300499,18.15,不复权,正常交易,,,
2023-06-02,300499,19.000,18.200,19.090,18.080,43196088,786168801.60,5.59,-4.01,-0.76,0.00,300499,18.96,不复权,正常交易,,,
2023-06-05,300499,17.700,17.880,18.280,17.500,34458296,616114332.48,4.46,-1.76,-0.32,0.00,300499,18.20,不复权,正常交易,,,
2023-06-06,300499,20.190,20.080,21.210,19.660,117814663,2365718433.04,7.88,12.30,2.20,0.00,300499,17.88,不复权,正常交易,,,
2023-06-07,300499,19.500,19.850,20.240,18.860,76253058,1513623201.30,7.32,-1.15,-0.23,0.00,300499,20.08,不复权,正常交易,,,
2023-06-08,300499,19.150,18.410,19.200,18.190,65334174,1202802143.34,5.55,-7.25,-1.44,0.00,300499,19.85,不复权,正常交易,,,
2023-06-09,300499,18.720,20.000,20.500,18.600,77550521,1551010420.00,10.22,8.64,1.59,0.00,300499,18.41,不复权,正常交易,,,
2023-06-12,300499,19.990,19.860,20.400,19.600,57790997,1147729200.42,4.08,-0.70,-0.14,0.00,300499,20.00,不复权,正常交易,,,
2023-06-13,300499,19.900,20.700,21.490,19.510,67052518,1387987122.60,10.15,4.23,0.84,0.00,300499,19.86,不复权,正常交易,,,
2023-06-14,300499,20.800,22.380,22.960,20.200,76644257,1715298471.66,13.66,8.12,1.68,0.00,300499,20.70,不复权,正常交易,,,
2023-06-15,300499,22.010,21.680,22.720,21.350,55538881,1204082940.08,6.42,-3.13,-0.70,0.00,300499,22.38,不复权,正常交易,,,
2023-06-16,300499,21.550,22.540,22.720,21.010,57349220,1292651418.80,8.14,3.97,0.86,0.00,300499,21.68,不复权,正常交易,,,
2023-06-19,300499,22.750,22.720,24.120,22.360,63031287,1432070840.64,7.87,0.80,0.18,0.00,300499,22.54,不复权,正常交易,,,
2023-06-20,300499,22.150,20.700,22.340,20.600,75111480,1554807636.00,8.45,-8.89,-2.02,0.00,300499,22.72,不复权,正常交易,,,
2023-06-21,300499,20.550,20.130,21.280,20.060,45462455,915159219.15,6.08,-2.75,-0.57,0.00,300499,20.70,不复权,正常交易,,,
2023-06-26,300499,20.140,18.050,20.280,17.750,50446187,910553675.35,14.25,-10.33,-2.08,0.00,300499,20.13,不复权,正常交易,,,
2023-06-27,300499,18.080,18.030,18.300,17.620,30518896,550255694.88,3.86,-0.11,-0.02,0.00,300499,18.05,不复权,正常交易,,,
2023-06-28,300499,17.900,17.240,17.980,16.500,40240085,693739065.40,8.97,-4.38,-0.79,0.00,300499,18.03,不复权,正常交易,,,
2023-06-29,300499,17.300,17.160,17.350,16.930,26095063,447791281.08,2.48,-0.46,-0.08,0.00,300499,17.24,不复权,正常交易,,,
2023-06-30,300499,17.000,17.620,17.800,16.900,27223961,479686192.82,5.33,2.68,0.46,0.00,300499,17.16,不复权,正常交易,,,
2023-07-03,300499,17.690,17.790,17.950,17.000,29942327,532673997.33,5.59,0.96,0.17,0.00,300499,17.62,不复权,正常交易,,,
2023-07-04,300499,17.530,17.830,18.190,17.420,25922751,462202650.33,4.42,0.22,0.04,0.00,300499,17.79,不复权,正常交易,,,
2023-07-05,300499,17.820,17.100,18.070,17.100,25519808,436388716.80,5.67,-4.09,-0.73,0.00,300499,17.83,不复权,正常交易,,,
2023-07-06,300499,16.950,17.140,17.490,16.950,18728592,321008066.88,3.19,0.23,0.04,0.00,300499,17.10,不复权,正常交易,,,
2023-07-07,300499,17.080,16.420,17.120,16.420,21730422,356813529.24,4.26,-4.20,-0.72,0.00,300499,17.14,不复权,正常交易,,,
2023-07-10,300499,16.550,16.260,16.680,16.180,13316903,216532842.78,3.09,-0.97,-0.16,0.00,300499,16.42,不复权,正常交易,,,
2023-07-11,300499,16.270,16.640,16.810,16.120,16988362,282686343.68,4.28,2.34,0.38,0.00,300499,16.26,不复权,正常交易,,,
2023-07-12,300499,16.500,15.880,16.650,15.800,22809133,362209032.04,5.38,-4.57,-0.76,0.00,300499,16.64,不复权,正常交易,,,
2023-07-13,300499,16.000,17.020,17.280,15.820,33170734,564565892.68,9.23,7.18,1.14,0.00,300499,15.88,不复权,正常交易,,,
2023-07-14,300499,16.950,17.420,17.700,16.860,33305462,580181148.04,4.98,2.35,0.40,0.00,300499,17.02,不复权,正常交易,,,
2023-07-17,300499,17.610,17.810,18.340,17.450,36837569,656077103.89,5.10,2.24,0.39,0.00,300499,17.42,不复权,正常交易,,,
2023-07-18,300499,17.620,17.320,17.750,17.260,22213756,384742253.92,2.84,-2.75,-0.49,0.00,300499,17.81,不复权,正常交易,,,
2023-07-19,300499,17.420,16.930,17.460,16.780,18171417,307642089.81,4.05,-2.25,-0.39,0.00,300499,17.32,不复权,正常交易,,,
2023-07-20,300499,16.850,16.060,16.930,16.000,22621211,363296648.66,5.81,-5.14,-0.87,0.00,300499,16.93,不复权,正常交易,,,
2023-07-21,300499,16.040,15.090,16.130,14.860,32985287,497747980.83,8.55,-6.04,-0.97,0.00,300499,16.06,不复权,正常交易,,,
2023-07-24,300499,15.080,15.230,15.650,14.830,16116755,245458178.65,5.53,0.93,0.14,0.00,300499,15.09,不复权,正常交易,,,
2023-07-25,300499,15.550,15.460,15.550,15.220,15016206,232150544.76,2.17,1.51,0.23,0.00,300499,15.23,不复权,正常交易,,,
2023-07-26,300499,15.460,14.710,15.550,14.600,20058412,295059240.52,6.51,-4.85,-0.75,0.00,300499,15.46,不复权,正常交易,,,
2023-07-27,300499,14.720,14.430,14.920,14.300,15580251,224823021.93,4.34,-1.90,-0.28,0.00,300499,14.71,不复权,正常交易,,,
2023-07-28,300499,14.390,14.270,14.840,14.190,12797540,182620895.80,4.58,-1.11,-0.16,0.00,300499,14.43,不复权,正常交易,,,
2023-07-31,300499,14.240,14.380,14.520,14.110,11961132,172001078.16,2.91,0.77,0.11,0.00,300499,14.27,不复权,正常交易,,,
2023-08-01,300499,14.320,14.410,14.570,13.970,13696833,197371363.53,4.29,0.21,0.03,0.00,300499,14.38,不复权,正常交易,,,
2023-08-02,300499,14.270,14.330,14.410,14.060,9481487,135869708.71,2.49,-0.56,-0.08,0.00,300499,14.41,不复权,正常交易,,,
2023-08-03,300499,14.180,14.120,14.510,14.060,13134898,185464759.76,3.20,-1.47,-0.21,0.00,300499,14.33,不复权,正常交易,,,
2023-08-04,300499,14.120,14.420,14.480,14.100,13639920,196687646.40,2.70,2.12,0.30,0.00,300499,14.12,不复权,正常交易,,,
2023-08-07,300499,14.500,14.710,15.180,14.480,22882905,336607532.55,4.83,2.01,0.29,0.00,300499,14.42,不复权,正常交易,,,
2023-08-08,300499,14.780,14.790,15.090,14.600,18035016,266737886.64,3.36,0.54,0.08,0.00,300499,14.71,不复权,正常交易,,,
2023-08-09,300499,14.790,14.270,14.790,14.230,13004460,185573644.20,3.94,-3.52,-0.52,0.00,300499,14.79,不复权,正常交易,,,
2023-08-10,300499,14.420,14.080,14.600,14.050,12165834,171294942.72,3.91,-1.33,-0.19,0.00,300499,14.27,不复权,正常交易,,,
2023-08-11,300499,14.130,13.840,14.220,13.840,9828256,136023063.04,2.75,-1.70,-0.24,0.00,300499,14.08,不复权,正常交易,,,
2023-08-14,300499,13.700,14.190,14.210,13.600,11462397,162651413.43,4.49,2.53,0.35,0.00,300499,13.84,不复权,正常交易,,,
2023-08-15,300499,14.190,13.890,14.400,13.800,11007950,152900425.50,4.35,-2.11,-0.30,0.00,300499,14.19,不复权,正常交易,,,
2023-08-16,300499,13.650,13.490,13.840,13.400,14182696,191324569.04,3.28,-2.88,-0.40,0.00,300499,13.89,不复权,正常交易,,,
2023-08-17,300499,13.450,13.870,13.960,13.360,12406444,172077378.28,4.49,2.82,0.38,0.00,300499,13.49,不复权,正常交易,,,
2023-08-18,300499,13.810,13.480,13.940,13.440,7929490,106889525.20,3.72,-2.81,-0.39,0.00,300499,13.87,不复权,正常交易,,,
2023-08-21,300499,13.420,13.440,13.790,13.400,7906044,106257231.36,2.91,-0.30,-0.04,0.00,300499,13.48,不复权,正常交易,,,
2023-08-22,300499,13.560,13.880,13.900,13.360,12838305,178195673.40,4.04,3.27,0.44,0.00,300499,13.44,不复权,正常交易,,,
2023-08-23,300499,13.710,13.330,13.750,13.320,11448659,152610624.47,3.23,-3.96,-0.55,0.00,300499,13.88,不复权,正常交易,,,
2023-08-24,300499,13.200,13.240,13.590,13.120,12666792,167708326.08,3.58,-0.68,-0.09,0.00,300499,13.33,不复权,正常交易,,,
2023-08-25,300499,12.870,12.710,13.150,12.640,14401780,183046623.80,4.03,-4.00,-0.53,0.00,300499,13.24,不复权,正常交易,,,
2023-08-28,300499,13.660,12.620,13.690,12.580,17589010,221973306.20,8.82,-0.71,-0.09,0.00,300499,12.71,不复权,正常交易,,,
2023-08-29,300499,12.450,13.160,13.220,12.400,17199449,226344748.84,6.61,4.28,0.54,0.00,300499,12.62,不复权,正常交易,,,
2023-08-30,300499,13.200,13.460,13.700,13.100,15658477,210763100.42,4.58,2.28,0.30,0.00,300499,13.16,不复权,正常交易,,,
2023-08-31,300499,13.390,13.500,13.650,13.330,12015008,162202608.00,2.40,0.30,0.04,0.00,300499,13.46,不复权,正常交易,,,
2023-09-01,300499,13.450,13.370,13.510,13.260,8228701,110017732.37,1.89,-0.96,-0.13,0.00,300499,13.50,不复权,正常交易,,,
2023-09-04,300499,13.400,13.630,13.650,13.340,9725176,132554148.88,2.32,1.94,0.26,0.00,300499,13.37,不复权,正常交易,,,
2023-09-05,300499,13.510,13.620,13.830,13.510,8180962,111424702.44,2.37,-0.07,-0.01,0.00,300499,13.63,不复权,正常交易,,,
2023-09-06,300499,13.510,13.860,13.900,13.420,11475400,159049044.00,3.58,1.76,0.24,0.00,300499,13.62,不复权,正常交易,,,
2023-09-07,300499,13.810,13.250,13.850,13.220,11241073,148944217.25,4.77,-4.40,-0.61,0.00,300499,13.86,不复权,正常交易,,,
2023-09-08,300499,13.290,13.150,13.370,13.000,8531693,112191762.95,2.85,-0.75,-0.10,0.00,300499,13.25,不复权,正常交易,,,
2023-09-11,300499,13.150,13.380,13.530,12.770,11854100,158607858.00,5.95,1.75,0.23,0.00,300499,13.15,不复权,正常交易,,,
2023-09-12,300499,13.350,15.040,15.380,13.300,57830813,869775427.52,15.64,12.41,1.66,0.00,300499,13.38,不复权,正常交易,,,
2023-09-13,300499,14.700,14.440,14.970,14.200,38904386,561779333.84,5.42,-3.99,-0.60,0.00,300499,15.04,不复权,正常交易,,,
2023-09-14,300499,14.360,14.820,15.050,14.100,44051497,652843185.54,6.74,2.63,0.38,0.00,300499,14.44,不复权,正常交易,,,
2023-09-15,300499,14.640,14.490,14.950,14.320,25477849,369174032.01,4.40,-2.23,-0.33,0.00,300499,14.82,不复权,正常交易,,,
2023-09-18,300499,14.400,13.840,14.400,13.830,24459670,338521832.80,4.12,-4.49,-0.65,0.00,300499,14.49,不复权,正常交易,,,
2023-09-19,300499,13.840,13.070,13.910,13.050,21717881,283852704.67,6.59,-5.56,-0.77,0.00,300499,13.84,不复权,正常交易,,,
2023-09-20,300499,12.900,12.670,13.250,12.660,14573031,184640302.77,4.66,-3.06,-0.40,0.00,300499,13.07,不复权,正常交易,,,
2023-09-21,300499,12.690,12.490,12.920,12.410,12463888,155673961.12,4.11,-1.42,-0.18,0.00,300499,12.67,不复权,正常交易,,,
2023-09-22,300499,12.350,13.350,13.440,12.290,22413176,299215899.60,9.36,6.89,0.86,0.00,300499,12.49,不复权,正常交易,,,
2023-09-25,300499,13.300,13.010,13.580,12.980,13464250,175169892.50,4.62,-2.55,-0.34,0.00,300499,13.35,不复权,正常交易,,,
2023-09-26,300499,12.980,13.130,13.370,12.920,12837000,168549810.00,3.48,0.92,0.12,0.00,300499,13.01,不复权,正常交易,,,
2023-09-27,300499,13.020,13.550,13.810,13.000,19918326,269893317.30,6.23,3.20,0.42,0.00,300499,13.13,不复权,正常交易,,,
2023-09-28,300499,13.580,13.720,13.990,13.530,13174601,180755525.72,3.40,1.25,0.17,0.00,300499,13.55,不复权,正常交易,,,
2023-10-09,300499,14.100,14.600,14.880,13.900,32157409,469498171.40,7.05,6.41,0.88,0.00,300499,13.72,不复权,正常交易,,,
2023-10-10,300499,14.450,14.340,14.640,14.290,20551658,294710775.72,2.45,-1.78,-0.26,0.00,300499,14.60,不复权,正常交易,,,
2023-10-11,300499,14.300,14.310,14.560,14.110,19063406,272797339.86,3.19,-0.21,-0.03,0.00,300499,14.34,不复权,正常交易,,,
2023-10-12,300499,14.380,14.160,14.440,14.140,13682130,193738960.80,2.12,-1.05,-0.15,0.00,300499,14.31,不复权,正常交易,,,
2023-10-13,300499,14.020,14.480,14.800,13.960,26662515,386073217.20,6.02,2.26,0.32,0.00,300499,14.16,不复权,正常交易,,,
2023-10-16,300499,14.560,15.180,15.580,14.210,45278129,687321998.22,9.64,4.83,0.70,0.00,300499,14.48,不复权,正常交易,,,
2023-10-17,300499,15.900,16.120,16.380,14.880,63143418,1017871898.16,10.08,6.19,0.94,0.00,300499,15.18,不复权,正常交易,,,
2023-10-18,300499,15.810,16.800,17.210,15.460,56946439,956700175.20,11.32,4.22,0.68,0.00,300499,16.12,不复权,正常交易,,,
2023-10-19,300499,16.520,15.910,17.550,15.730,59880468,952698245.88,11.57,-5.30,-0.89,0.00,300499,16.80,不复权,正常交易,,,
2023-10-20,300499,15.830,14.910,16.180,14.810,41911493,624900360.63,9.25,-6.29,-1.00,0.00,300499,15.91,不复权,正常交易,,,
2023-10-23,300499,14.900,15.030,15.550,14.370,32506006,488565270.18,8.21,0.80,0.12,0.00,300499,14.91,不复权,正常交易,,,
2023-10-24,300499,15.200,15.620,16.220,14.930,37233712,581590581.44,8.64,3.93,0.59,0.00,300499,15.03,不复权,正常交易,,,
2023-10-25,300499,15.360,15.910,16.400,14.980,45359991,721677456.81,9.48,1.86,0.29,0.00,300499,15.62,不复权,正常交易,,,
2023-10-26,300499,15.480,16.170,16.840,14.750,48685276,787240912.92,14.17,1.63,0.26,0.00,300499,15.91,不复权,正常交易,,,
2023-10-27,300499,15.880,15.990,16.730,15.310,38492356,615492772.44,9.27,-1.11,-0.18,0.00,300499,16.17,不复权,正常交易,,,
2023-10-30,300499,15.590,17.040,17.140,15.310,49980231,851663136.24,11.95,6.57,1.05,0.00,300499,15.99,不复权,正常交易,,,
2023-10-31,300499,16.990,16.550,17.500,16.500,40987743,678347146.65,6.06,-2.88,-0.49,0.00,300499,17.04,不复权,正常交易,,,
2023-11-01,300499,16.520,17.070,17.450,16.230,40013363,683028106.41,7.52,3.14,0.52,0.00,300499,16.55,不复权,正常交易,,,
2023-11-02,300499,16.900,16.040,17.080,16.000,28690492,460195491.68,6.75,-6.03,-1.03,0.00,300499,17.07,不复权,正常交易,,,
2023-11-03,300499,15.920,16.080,16.480,15.910,21585369,347092733.52,3.58,0.25,0.04,0.00,300499,16.04,不复权,正常交易,,,
2023-11-06,300499,16.050,16.840,17.170,15.910,33559528,565142451.52,7.92,4.73,0.76,0.00,300499,16.08,不复权,正常交易,,,
2023-11-07,300499,16.710,17.530,17.680,16.630,39695280,695858258.40,6.31,4.10,0.69,0.00,300499,16.84,不复权,正常交易,,,
2023-11-08,300499,17.790,17.230,18.010,17.050,41766538,719637449.74,5.63,-1.71,-0.30,0.00,300499,17.53,不复权,正常交易,,,
2023-11-09,300499,17.110,16.560,17.280,16.490,30308470,501908263.20,4.79,-3.89,-0.67,0.00,300499,17.23,不复权,正常交易,,,
2023-11-10,300499,16.500,16.200,16.770,16.180,19270949,312189373.80,3.65,-2.17,-0.36,0.00,300499,16.56,不复权,正常交易,,,
2023-11-13,300499,16.230,16.630,16.700,16.130,16715477,277978382.51,3.53,2.65,0.43,0.00,300499,16.20,不复权,正常交易,,,
2023-11-14,300499,16.520,16.430,16.680,16.160,19171520,314988073.60,3.22,-1.20,-0.20,0.00,300499,16.63,不复权,正常交易,,,
2023-11-15,300499,16.550,17.140,17.150,16.350,29496501,505570027.14,4.89,4.32,0.71,0.00,300499,16.43,不复权,正常交易,,,
2023-11-16,300499,16.990,16.840,17.680,16.830,28285650,476330346.00,5.05,-1.75,-0.30,0.00,300499,17.14,不复权,正常交易,,,
2023-11-17,300499,16.610,17.120,17.280,16.610,21454844,367306929.28,4.03,1.66,0.28,0.00,300499,16.84,不复权,正常交易,,,
2023-11-20,300499,17.120,17.000,17.150,16.800,16010555,272179435.00,2.08,-0.70,-0.12,0.00,300499,17.12,不复权,正常交易,,,
2023-11-21,300499,17.000,16.300,17.470,16.270,23849568,388747958.40,7.38,-4.12,-0.70,0.00,300499,17.00,不复权,正常交易,,,
2023-11-22,300499,16.200,15.380,16.220,15.350,25915364,398578298.32,5.67,-5.64,-0.92,0.00,300499,16.30,不复权,正常交易,,,
2023-11-23,300499,15.430,15.520,15.630,15.340,10641543,165156747.36,1.89,0.91,0.14,0.00,300499,15.38,不复权,正常交易,,,
2023-11-24,300499,15.520,14.950,15.520,14.930,12162643,181831512.85,3.95,-3.67,-0.57,0.00,300499,15.52,不复权,正常交易,,,
2023-11-27,300499,14.850,15.160,15.310,14.850,10005138,151677892.08,3.10,1.40,0.21,0.00,300499,14.95,不复权,正常交易,,,
2023-11-28,300499,15.150,15.270,15.350,15.020,7141838,109055866.26,2.20,0.73,0.11,0.00,300499,15.16,不复权,正常交易,,,
2023-11-29,300499,15.350,15.420,15.920,15.350,14903362,229809842.04,3.71,0.98,0.15,0.00,300499,15.27,不复权,正常交易,,,
2023-11-30,300499,15.560,14.760,15.560,14.570,18549518,273790885.68,6.79,-4.28,-0.66,0.00,300499,15.42,不复权,正常交易,,,
2023-12-01,300499,14.800,14.980,15.100,14.550,11274981,168899215.38,3.78,1.49,0.22,0.00,300499,14.76,不复权,正常交易,,,
2023-12-04,300499,14.980,15.000,15.260,14.950,8214789,123221835.00,2.07,0.13,0.02,0.00,300499,14.98,不复权,正常交易,,,
2023-12-05,300499,15.000,14.420,15.000,14.410,9706744,139971248.48,4.09,-3.87,-0.58,0.00,300499,15.00,不复权,正常交易,,,
2023-12-06,300499,14.420,14.230,14.560,14.200,9156125,130291658.75,2.54,-1.32,-0.19,0.00,300499,14.42,不复权,正常交易,,,
2023-12-07,300499,14.240,14.270,14.460,14.110,7235578,103251698.06,2.48,0.28,0.04,0.00,300499,14.23,不复权,正常交易,,,
2023-12-08,300499,14.300,14.590,14.720,14.240,11989083,174920720.97,3.37,2.24,0.32,0.00,300499,14.27,不复权,正常交易,,,
2023-12-11,300499,14.460,14.620,14.670,14.230,10250874,149867777.88,3.09,0.21,0.03,0.00,300499,14.59,不复权,正常交易,,,
2023-12-12,300499,14.560,14.450,14.720,14.250,9162623,132399902.35,3.30,-1.16,-0.17,0.00,300499,14.62,不复权,正常交易,,,
2023-12-13,300499,14.390,14.200,14.460,14.200,6324442,89807076.40,1.83,-1.73,-0.25,0.00,300499,14.45,不复权,正常交易,,,
2023-12-14,300499,14.300,14.200,14.380,14.120,5402162,76710700.40,1.84,0.00,0.00,0.00,300499,14.20,不复权,正常交易,,,
2023-12-15,300499,14.190,14.010,14.260,13.880,7204500,100935045.00,2.74,-1.34,-0.19,0.00,300499,14.20,不复权,正常交易,,,
2023-12-18,300499,13.960,13.810,14.080,13.760,5722586,79028912.66,2.33,-1.43,-0.20,0.00,300499,14.01,不复权,正常交易,,,
2023-12-19,300499,13.800,13.950,13.950,13.690,4744683,66188327.85,1.90,1.01,0.14,0.00,300499,13.81,不复权,正常交易,,,
2023-12-20,300499,13.950,13.730,14.070,13.710,6404591,87935034.43,2.63,-1.58,-0.22,0.00,300499,13.95,不复权,正常交易,,,
2023-12-21,300499,13.700,13.900,14.040,13.510,6693900,93045210.00,3.92,1.24,0.17,0.00,300499,13.73,不复权,正常交易,,,
2023-12-22,300499,13.960,13.600,14.010,13.510,6350291,86363957.60,3.70,-2.16,-0.30,0.00,300499,13.90,不复权,正常交易,,,
2023-12-25,300499,13.610,13.620,13.750,13.500,3409774,46441121.88,1.85,0.15,0.02,0.00,300499,13.60,不复权,正常交易,,,
2023-12-26,300499,13.600,13.320,13.600,13.230,5572185,74221504.20,2.80,-2.20,-0.30,0.00,300499,13.62,不复权,正常交易,,,
2023-12-27,300499,13.260,13.480,13.600,13.260,5237051,70595447.48,2.56,1.20,0.16,0.00,300499,13.32,不复权,正常交易,,,
2023-12-28,300499,13.440,14.000,14.140,13.360,9765547,136717658.00,5.84,3.86,0.52,0.00,300499,13.48,不复权,正常交易,,,
2023-12-29,300499,13.990,14.340,14.370,13.960,7952224,114034892.16,2.94,2.43,0.34,0.00,300499,14.00,不复权,正常交易,,,
2024-01-02,300499,14.390,14.720,15.050,14.160,19974758,294028437.76,6.29,2.65,0.38,0.00,300499,14.34,不复权,正常交易,,,
2024-01-03,300499,14.600,14.500,14.650,14.230,9674999,140287485.50,2.95,-1.49,-0.22,0.00,300499,14.72,不复权,正常交易,,,
2024-01-04,300499,14.480,14.360,14.590,14.270,5522000,79295920.00,2.24,-0.97,-0.14,0.00,300499,14.50,不复权,正常交易,,,
2024-01-05,300499,14.430,13.930,14.510,13.910,7071274,98502846.82,4.31,-2.99,-0.43,0.00,300499,14.36,不复权,正常交易,,,
2024-01-08,300499,13.890,13.450,13.990,13.450,5593900,75237955.00,4.01,-3.45,-0.48,0.00,300499,13.93,不复权,正常交易,,,
2024-01-09,300499,13.590,13.460,13.730,13.360,4632041,62347271.86,2.77,0.07,0.01,0.00,300499,13.45,不复权,正常交易,,,
2024-01-10,300499,13.380,13.030,13.430,12.990,5713300,74444299.00,3.39,-3.19,-0.43,0.00,300499,13.46,不复权,正常交易,,,
2024-01-11,300499,13.030,13.650,13.750,13.010,6313410,86178046.50,5.69,4.76,0.62,0.00,300499,13.03,不复权,正常交易,,,
2024-01-12,300499,13.600,13.370,13.800,13.360,4717043,63066864.91,3.29,-2.05,-0.28,0.00,300499,13.65,不复权,正常交易,,,
2024-01-15,300499,13.310,13.190,13.400,13.010,3715776,49011085.44,3.00,-1.35,-0.18,0.00,300499,13.37,不复权,正常交易,,,
2024-01-16,300499,13.200,13.220,13.300,12.950,5344391,70652849.02,2.70,0.23,0.03,0.00,300499,13.19,不复权,正常交易,,,
2024-01-17,300499,13.170,12.770,13.200,12.760,4466400,57035928.00,3.45,-3.40,-0.45,0.00,300499,13.22,不复权,正常交易,,,
2024-01-18,300499,12.770,12.820,12.870,12.330,7457740,95608226.80,4.38,0.39,0.05,0.00,300499,12.77,不复权,正常交易,,,
2024-01-19,300499,12.770,12.360,12.900,12.360,4999820,61797775.20,4.37,-3.59,-0.46,0.00,300499,12.82,不复权,正常交易,,,
2024-01-22,300499,12.350,11.290,12.410,11.140,12352769,139462762.01,11.40,-8.66,-1.07,0.00,300499,12.36,不复权,正常交易,,,
2024-01-23,300499,11.250,11.350,11.450,11.080,8302002,94227722.70,3.34,0.53,0.06,0.00,300499,11.29,不复权,正常交易,,,
2024-01-24,300499,11.440,11.190,11.470,10.840,8917900,99791301.00,5.81,-1.41,-0.16,0.00,300499,11.35,不复权,正常交易,,,
2024-01-25,300499,11.190,11.680,11.800,11.100,8835914,103203475.52,6.31,4.38,0.49,0.00,300499,11.19,不复权,正常交易,,,
2024-01-26,300499,11.660,11.660,12.070,11.600,9455900,110255794.00,4.05,-0.17,-0.02,0.00,300499,11.68,不复权,正常交易,,,
2024-01-29,300499,11.660,11.120,11.770,11.120,7712361,85761454.32,5.85,-4.63,-0.54,0.00,300499,11.66,不复权,正常交易,,,
2024-01-30,300499,11.010,10.680,11.240,10.500,7638673,81581027.64,7.05,-3.96,-0.44,0.00,300499,11.12,不复权,正常交易,,,
2024-01-31,300499,10.780,9.720,10.780,9.670,13607313,132263082.36,11.48,-8.99,-0.96,0.00,300499,10.68,不复权,正常交易,,,
2024-02-01,300499,9.660,9.510,9.800,9.290,13982958,132977930.58,5.49,-2.16,-0.21,0.00,300499,9.72,不复权,正常交易,,,
2024-02-02,300499,9.530,8.710,9.840,8.280,22873782,199230641.22,18.84,-8.41,-0.80,0.00,300499,9.51,不复权,正常交易,,,
2024-02-05,300499,8.820,7.620,8.890,7.320,26488952,201845814.24,21.45,-12.51,-1.09,0.00,300499,8.71,不复权,正常交易,,,
2024-02-06,300499,7.500,7.760,8.140,7.050,21507948,166901676.48,15.46,1.84,0.14,0.00,300499,7.62,不复权,正常交易,,,
2024-02-07,300499,7.780,7.700,8.130,7.540,16539886,127357122.20,7.82,-0.77,-0.06,0.00,300499,7.76,不复权,正常交易,,,
2024-02-08,300499,7.700,8.700,8.770,7.580,18021635,156788224.50,15.70,12.99,1.00,0.00,300499,7.70,不复权,正常交易,,,
2024-02-19,300499,8.950,9.330,9.500,8.940,16580610,154697091.30,6.26,7.24,0.63,0.00,300499,8.70,不复权,正常交易,,,
2024-02-20,300499,9.260,10.050,10.840,9.050,27641056,277792612.80,19.78,7.72,0.72,0.00,300499,9.33,不复权,正常交易,,,
2024-02-21,300499,9.840,9.900,10.300,9.630,20218428,200162437.20,6.96,-1.49,-0.15,0.00,300499,10.05,不复权,正常交易,,,
2024-02-22,300499,10.510,10.800,11.680,10.500,27096844,292645915.20,11.24,9.09,0.90,0.00,300499,9.90,不复权,正常交易,,,
2024-02-23,300499,10.800,11.250,11.430,10.800,24109414,271230907.50,5.83,4.17,0.45,0.00,300499,10.80,不复权,正常交易,,,
2024-02-26,300499,11.120,11.250,11.650,10.960,23156582,260511547.50,6.30,0.00,0.00,0.00,300499,11.25,不复权,正常交易,,,
2024-02-27,300499,11.050,11.940,12.010,11.050,25655992,306332544.48,8.69,6.13,0.69,0.00,300499,11.25,不复权,正常交易,,,
2024-02-28,300499,12.100,10.850,12.430,10.840,30426712,330129825.20,14.67,-9.13,-1.09,0.00,300499,11.94,不复权,正常交易,,,
2024-02-29,300499,10.800,11.550,11.650,10.630,19121452,220852770.60,9.60,6.45,0.70,0.00,300499,10.85,不复权,正常交易,,,
2024-03-01,300499,11.680,12.800,12.880,11.680,37569833,480893862.40,10.27,10.82,1.25,0.00,300499,11.55,不复权,正常交易,,,
2024-03-04,300499,13.900,13.320,14.560,13.250,47325436,630374807.52,9.89,4.06,0.52,0.00,300499,12.80,不复权,正常交易,,,
2024-03-05,300499,13.140,13.060,13.830,12.950,36623739,478306031.34,6.80,-1.95,-0.26,0.00,300499,13.32,不复权,正常交易,,,
2024-03-06,300499,12.840,14.090,14.180,12.740,40173955,566051025.95,11.30,7.89,1.03,0.00,300499,13.06,不复权,正常交易,,,
2024-03-07,300499,13.920,13.450,14.150,13.330,27633317,371668113.65,6.15,-4.54,-0.64,0.00,300499,14.09,不复权,正常交易,,,
2024-03-08,300499,13.610,13.830,14.100,13.500,24748901,342277300.83,4.44,2.83,0.38,0.00,300499,13.45,不复权,正常交易,,,
2024-03-11,300499,13.300,14.240,14.360,13.200,29694902,422855404.48,8.79,2.96,0.41,0.00,300499,13.83,不复权,正常交易,,,
2024-03-12,300499,14.380,13.950,14.660,13.900,25564584,356625946.80,5.47,-2.04,-0.29,0.00,300499,14.24,不复权,正常交易,,,
2024-03-13,300499,13.980,13.880,14.420,13.810,26366246,365963494.48,4.42,-0.50,-0.07,0.00,300499,13.95,不复权,正常交易,,,
2024-03-14,300499,13.650,13.580,13.860,13.380,21430194,291022034.52,3.59,-2.16,-0.30,0.00,300499,13.88,不复权,正常交易,,,
2024-03-15,300499,13.690,13.820,13.840,13.290,16209515,224015497.30,4.14,1.77,0.24,0.00,300499,13.58,不复权,正常交易,,,
2024-03-18,300499,14.010,14.320,14.350,13.880,23695658,339321822.56,3.39,3.62,0.50,0.00,300499,13.82,不复权,正常交易,,,
2024-03-19,300499,14.200,13.980,14.220,13.870,20359957,284632198.86,2.52,-2.37,-0.34,0.00,300499,14.32,不复权,正常交易,,,
2024-03-20,300499,13.900,13.950,14.100,13.750,15280604,213164425.80,2.55,-0.21,-0.03,0.00,300499,13.98,不复权,正常交易,,,
2024-03-21,300499,13.910,13.860,14.090,13.800,14250752,197515422.72,2.10,-0.65,-0.09,0.00,300499,13.95,不复权,正常交易,,,
2024-03-22,300499,13.800,13.710,13.960,13.500,13777404,188888208.84,3.41,-1.08,-0.15,0.00,300499,13.86,不复权,正常交易,,,
2024-03-25,300499,13.610,13.010,13.840,12.950,16607341,216061506.41,6.87,-5.11,-0.70,0.00,300499,13.71,不复权,正常交易,,,
2024-03-26,300499,12.900,12.930,13.450,12.700,14167340,183183706.20,5.91,-0.61,-0.08,0.00,300499,13.01,不复权,正常交易,,,
2024-03-27,300499,13.100,12.250,13.140,12.210,11624933,142405429.25,7.62,-5.26,-0.68,0.00,300499,12.93,不复权,正常交易,,,
2024-03-28,300499,12.380,12.520,12.830,12.200,12217999,152969347.48,5.16,2.20,0.27,0.00,300499,12.25,不复权,正常交易,,,
2024-03-29,300499,12.500,12.360,12.680,12.240,10608661,131123049.96,3.59,-1.28,-0.16,0.00,300499,12.52,不复权,正常交易,,,
2024-04-01,300499,12.360,12.740,12.750,12.360,11272269,143608707.06,3.16,3.07,0.38,0.00,300499,12.36,不复权,正常交易,,,
2024-04-02,300499,12.920,12.560,12.960,12.400,11862853,148997433.68,4.52,-1.41,-0.18,0.00,300499,12.74,不复权,正常交易,,,
2024-04-03,300499,12.520,12.040,12.530,11.990,11537124,138906972.96,4.50,-4.14,-0.52,0.00,300499,12.56,不复权,正常交易,,,
2024-04-08,300499,12.040,11.670,12.070,11.660,8468547,98827943.49,3.52,-3.07,-0.37,0.00,300499,12.04,不复权,正常交易,,,
2024-04-09,300499,11.670,11.830,11.880,11.470,7151400,84601062.00,3.57,1.37,0.16,0.00,300499,11.67,不复权,正常交易,,,
2024-04-10,300499,11.910,11.300,11.980,11.190,9872505,111559306.50,7.06,-4.48,-0.53,0.00,300499,11.83,不复权,正常交易,,,
2024-04-11,300499,11.200,11.230,11.560,11.050,7002548,78638614.04,4.62,-0.62,-0.07,0.00,300499,11.30,不复权,正常交易,,,
2024-04-12,300499,11.380,11.260,11.550,11.060,7986478,89927742.28,4.43,0.27,0.03,0.00,300499,11.23,不复权,正常交易,,,
2024-04-15,300499,11.100,10.710,11.280,10.440,11664125,124922778.75,8.05,-4.88,-0.55,0.00,300499,11.26,不复权,正常交易,,,
2024-04-16,300499,10.520,9.600,10.560,9.600,14210814,136423814.40,10.00,-10.36,-1.11,0.00,300499,10.71,不复权,正常交易,,,
2024-04-17,300499,9.880,10.880,10.880,9.880,14012311,152453943.68,10.12,13.33,1.28,0.00,300499,9.60,不复权,正常交易,,,
2024-04-18,300499,10.710,10.560,10.850,10.370,10917149,115285093.44,4.63,-2.94,-0.32,0.00,300499,10.88,不复权,正常交易,,,
2024-04-19,300499,10.550,10.330,10.550,10.200,7520067,77682292.11,3.43,-2.18,-0.23,0.00,300499,10.56,不复权,正常交易,,,
2024-04-22,300499,10.130,10.230,10.340,9.860,6746265,69014290.95,4.87,-0.97,-0.10,0.00,300499,10.33,不复权,正常交易,,,
2024-04-23,300499,10.380,10.460,10.570,10.310,6593670,68969788.20,2.52,2.25,0.23,0.00,300499,10.23,不复权,正常交易,,,
2024-04-24,300499,10.520,10.860,10.920,10.480,8549276,92845137.36,4.20,3.82,0.40,0.00,300499,10.46,不复权,正常交易,,,
2024-04-25,300499,10.960,10.810,11.260,10.790,10978874,118681627.94,4.36,-0.46,-0.05,0.00,300499,10.86,不复权,正常交易,,,
2024-04-26,300499,11.300,11.530,11.690,11.080,16329665,188281037.45,5.51,6.66,0.72,0.00,300499,10.81,不复权,正常交易,,,
2024-04-29,300499,11.540,11.870,11.990,11.520,12910179,153243824.73,4.08,2.95,0.34,0.00,300499,11.53,不复权,正常交易,,,
2024-04-30,300499,11.910,12.060,12.220,11.700,14863072,179248648.32,4.44,1.60,0.19,0.00,300499,11.87,不复权,正常交易,,,
2024-05-06,300499,12.180,12.100,12.330,11.960,11021572,133361021.20,3.09,0.33,0.04,0.00,300499,12.06,不复权,正常交易,,,
2024-05-07,300499,12.000,12.060,12.240,11.960,8024600,96776676.00,2.34,-0.33,-0.04,0.00,300499,12.10,不复权,正常交易,,,
2024-05-08,300499,12.000,11.770,12.060,11.730,8078800,95087476.00,2.81,-2.40,-0.29,0.00,300499,12.06,不复权,正常交易,,,
2024-05-09,300499,11.800,12.120,12.190,11.760,8032900,97358748.00,3.66,2.97,0.35,0.00,300499,11.77,不复权,正常交易,,,
2024-05-10,300499,12.190,11.870,12.190,11.810,5313500,63071245.00,3.22,-2.06,-0.25,0.00,300499,12.12,不复权,正常交易,,,
2024-05-13,300499,11.720,11.800,12.200,11.500,8875330,104728894.00,6.09,-0.59,-0.07,0.00,300499,11.87,不复权,正常交易,,,
2024-05-14,300499,11.900,11.710,12.040,11.700,5718380,66962229.80,2.91,-0.76,-0.09,0.00,300499,11.80,不复权,正常交易,,,
2024-05-15,300499,11.720,11.780,12.180,11.620,11873569,139870642.82,4.82,0.60,0.07,0.00,300499,11.71,不复权,正常交易,,,
2024-05-16,300499,11.900,11.890,12.190,11.820,9703275,115371939.75,3.13,0.93,0.11,0.00,300499,11.78,不复权,正常交易,,,
2024-05-17,300499,11.740,11.990,12.030,11.680,8230400,98682496.00,3.00,0.84,0.10,0.00,300499,11.89,不复权,正常交易,,,
2024-05-20,300499,12.030,11.990,12.040,11.770,6107650,73230723.50,2.29,0.00,0.00,0.00,300499,11.99,不复权,正常交易,,,
2024-05-21,300499,11.990,11.840,12.090,11.810,6813788,80675249.92,2.37,-1.25,-0.15,0.00,300499,11.99,不复权,正常交易,,,
2024-05-22,300499,11.800,12.110,12.230,11.770,11005374,133275079.14,3.91,2.28,0.27,0.00,300499,11.84,不复权,正常交易,,,
2024-05-23,300499,12.190,12.000,12.470,11.920,13293751,159525012.00,4.61,-0.91,-0.11,0.00,300499,12.11,不复权,正常交易,,,
2024-05-24,300499,11.780,12.680,12.930,11.770,26269544,333097817.92,9.86,5.67,0.68,0.00,300499,12.00,不复权,正常交易,,,
2024-05-27,300499,12.600,13.190,13.200,12.240,30190081,398207168.39,7.84,4.02,0.51,0.00,300499,12.68,不复权,正常交易,,,
2024-05-28,300499,12.950,12.700,13.120,12.670,18404528,233737505.60,3.55,-3.71,-0.49,0.00,300499,13.19,不复权,正常交易,,,
2024-05-29,300499,12.690,12.790,13.120,12.500,15214707,194596102.53,4.96,0.71,0.09,0.00,300499,12.70,不复权,正常交易,,,
2024-05-30,300499,12.590,12.210,12.780,12.200,13444556,164158028.76,4.75,-4.53,-0.58,0.00,300499,12.79,不复权,正常交易,,,
2024-05-31,300499,12.210,12.030,12.530,12.000,12659089,152288840.67,4.42,-1.47,-0.18,0.00,300499,12.21,不复权,正常交易,,,
2024-06-03,300499,12.000,11.840,12.140,11.680,10066998,119193256.32,3.94,-1.58,-0.19,0.00,300499,12.03,不复权,正常交易,,,
2024-06-04,300499,11.860,11.350,11.880,11.150,12942939,146902357.65,6.55,-4.14,-0.49,0.00,300499,11.84,不复权,正常交易,,,
2024-06-05,300499,11.240,11.010,11.400,11.000,8318100,91582281.00,3.64,-3.00,-0.34,0.00,300499,11.35,不复权,正常交易,,,
2024-06-06,300499,11.010,10.440,11.230,10.250,13471148,140638785.12,9.56,-5.18,-0.57,0.00,300499,11.01,不复权,正常交易,,,
2024-06-07,300499,10.550,10.740,10.870,10.550,7076126,75997593.24,3.03,2.87,0.30,0.00,300499,10.44,不复权,正常交易,,,
2024-06-11,300499,10.760,11.000,11.010,10.420,7967100,87638100.00,5.66,2.42,0.26,0.00,300499,10.74,不复权,正常交易,,,
2024-06-12,300499,11.000,11.370,11.680,10.980,10331184,117465562.08,6.38,3.36,0.37,0.00,300499,11.00,不复权,正常交易,,,
2024-06-13,300499,11.350,11.370,11.550,11.230,7285875,82840398.75,2.85,0.00,0.00,0.00,300499,11.37,不复权,正常交易,,,
2024-06-14,300499,11.330,11.850,12.050,11.130,12722251,150758674.35,8.27,4.22,0.48,0.00,300499,11.37,不复权,正常交易,,,
2024-06-17,300499,11.760,11.700,11.980,11.670,8324900,97401330.00,2.66,-1.27,-0.15,0.00,300499,11.85,不复权,正常交易,,,
2024-06-18,300499,11.610,11.950,12.020,11.570,7181865,85823286.75,3.89,2.14,0.25,0.00,300499,11.70,不复权,正常交易,,,
2024-06-19,300499,12.060,11.820,12.180,11.810,6325600,74768592.00,3.13,-1.09,-0.13,0.00,300499,11.95,不复权,正常交易,,,
2024-06-20,300499,11.780,11.200,11.880,11.160,10435067,116872750.40,6.45,-5.25,-0.62,0.00,300499,11.82,不复权,正常交易,,,
2024-06-21,300499,11.140,11.120,11.410,10.970,8355157,92909345.84,4.01,-0.71,-0.08,0.00,300499,11.20,不复权,正常交易,,,
2024-06-24,300499,10.890,10.540,11.000,10.480,8184146,86260898.84,4.96,-5.22,-0.58,0.00,300499,11.12,不复权,正常交易,,,
2024-06-25,300499,10.510,10.430,10.720,10.330,7071650,73757309.50,3.78,-1.04,-0.11,0.00,300499,10.54,不复权,正常交易,,,
2024-06-26,300499,10.350,10.970,10.990,10.300,7562925,82965287.25,6.70,5.18,0.54,0.00,300499,10.43,不复权,正常交易,,,
2024-06-27,300499,10.920,10.650,11.140,10.650,6935100,73858815.00,4.60,-2.92,-0.32,0.00,300499,10.97,不复权,正常交易,,,
2024-06-28,300499,10.620,10.840,11.050,10.620,7459757,80863765.88,4.05,1.78,0.19,0.00,300499,10.65,不复权,正常交易,,,
2024-07-01,300499,10.800,10.830,10.960,10.580,5905439,63955904.37,3.59,-0.09,-0.01,0.00,300499,10.84,不复权,正常交易,,,
2024-07-02,300499,10.790,10.730,10.900,10.700,4216614,45244268.22,1.87,-0.92,-0.10,0.00,300499,10.83,不复权,正常交易,,,
2024-07-03,300499,10.730,10.450,10.790,10.430,4930500,51523725.00,3.45,-2.61,-0.28,0.00,300499,10.73,不复权,正常交易,,,
2024-07-04,300499,10.400,10.130,10.580,10.120,4926364,49904067.32,4.55,-3.06,-0.32,0.00,300499,10.45,不复权,正常交易,,,
2024-07-05,300499,10.100,10.290,10.340,10.000,4668000,48033720.00,3.40,1.58,0.16,0.00,300499,10.13,不复权,正常交易,,,
2024-07-08,300499,10.290,10.050,10.320,10.010,3956925,39767096.25,3.10,-2.33,-0.24,0.00,300499,10.29,不复权,正常交易,,,
2024-07-09,300499,10.110,10.500,10.510,9.970,6694300,70290150.00,5.42,4.48,0.45,0.00,300499,10.05,不复权,正常交易,,,
2024-07-10,300499,10.500,10.430,10.620,10.400,4102200,42785946.00,2.12,-0.67,-0.07,0.00,300499,10.50,不复权,正常交易,,,
2024-07-11,300499,10.680,10.700,10.780,10.570,5646725,60419957.50,1.99,2.59,0.27,0.00,300499,10.43,不复权,正常交易,,,
2024-07-12,300499,10.640,10.700,10.790,10.580,4131064,44202384.80,1.98,0.00,0.00,0.00,300499,10.70,不复权,正常交易,,,
2024-07-15,300499,10.600,10.540,10.650,10.460,3587300,37810142.00,1.82,-1.50,-0.16,0.00,300499,10.70,不复权,正常交易,,,
2024-07-16,300499,10.500,10.570,10.620,10.250,3883900,41052823.00,3.61,0.28,0.03,0.00,300499,10.54,不复权,正常交易,,,
2024-07-17,300499,10.560,10.480,10.830,10.350,8582625,89945910.00,4.64,-0.85,-0.09,0.00,300499,10.57,不复权,正常交易,,,
2024-07-18,300499,10.330,10.300,10.370,9.960,6976000,71852800.00,4.12,-1.72,-0.18,0.00,300499,10.48,不复权,正常交易,,,
2024-07-19,300499,10.290,10.530,10.710,10.180,5667861,59682576.33,5.21,2.23,0.23,0.00,300499,10.30,不复权,正常交易,,,
2024-07-22,300499,10.460,10.890,10.980,10.450,8135300,88593417.00,5.07,3.42,0.36,0.00,300499,10.53,不复权,正常交易,,,
2024-07-23,300499,10.800,11.180,11.770,10.750,19945200,222987336.00,9.49,2.66,0.29,0.00,300499,10.89,不复权,正常交易,,,
2024-07-24,300499,11.530,12.200,12.780,11.530,37349380,455662436.00,10.84,9.12,1.02,0.00,300499,11.18,不复权,正常交易,,,
2024-07-25,300499,11.700,12.000,12.280,11.500,22783495,273401940.00,6.78,-1.64,-0.20,0.00,300499,12.20,不复权,正常交易,,,
2024-07-26,300499,11.830,11.550,11.900,11.380,21672248,250314464.40,4.57,-3.75,-0.45,0.00,300499,12.00,不复权,正常交易,,,
2024-07-29,300499,11.360,11.520,11.690,11.290,12200700,140552064.00,3.54,-0.26,-0.03,0.00,300499,11.55,不复权,正常交易,,,
2024-07-30,300499,11.500,11.250,11.500,11.110,10968300,123393375.00,3.51,-2.34,-0.27,0.00,300499,11.52,不复权,正常交易,,,
2024-07-31,300499,11.220,11.590,11.640,11.150,11333783,131358544.97,4.39,3.02,0.34,0.00,300499,11.25,不复权,正常交易,,,
2024-08-01,300499,11.590,11.960,12.100,11.590,18119231,216706002.76,4.40,3.19,0.37,0.00,300499,11.59,不复权,正常交易,,,
2024-08-02,300499,11.720,11.260,11.830,11.210,16127324,181593668.24,5.53,-5.85,-0.70,0.00,300499,11.96,不复权,正常交易,,,
2024-08-05,300499,11.080,10.540,11.220,10.520,12512977,131886777.58,6.65,-6.39,-0.72,0.00,300499,11.26,不复权,正常交易,,,
2024-08-06,300499,10.740,10.870,11.010,10.720,6952060,75568892.20,2.71,3.13,0.33,0.00,300499,10.54,不复权,正常交易,,,
2024-08-07,300499,10.860,10.870,11.140,10.830,5790100,62938387.00,2.86,0.00,0.00,0.00,300499,10.87,不复权,正常交易,,,
2024-08-08,300499,10.810,10.630,10.840,10.460,6353200,67534516.00,3.63,-2.21,-0.24,0.00,300499,10.87,不复权,正常交易,,,
2024-08-09,300499,10.820,10.590,10.830,10.570,3532197,37405966.23,2.46,-0.38,-0.04,0.00,300499,10.63,不复权,正常交易,,,
2024-08-12,300499,10.640,10.750,11.160,10.570,11300900,121484675.00,5.58,1.51,0.16,0.00,300499,10.59,不复权,正常交易,,,
2024-08-13,300499,10.700,10.840,10.840,10.520,6477685,70218105.40,3.04,0.84,0.09,0.00,300499,10.75,不复权,正常交易,,,
2024-08-14,300499,10.940,11.030,11.180,10.750,10831251,119468698.53,4.00,1.75,0.19,0.00,300499,10.84,不复权,正常交易,,,
2024-08-15,300499,10.930,11.250,11.400,10.750,12003724,135041895.00,6.05,1.99,0.22,0.00,300499,11.03,不复权,正常交易,,,
2024-08-16,300499,11.180,11.410,11.600,11.180,12613218,143916817.38,3.76,1.42,0.16,0.00,300499,11.25,不复权,正常交易,,,
2024-08-19,300499,11.300,10.880,11.300,10.810,11240740,122299251.20,4.53,-4.65,-0.53,0.00,300499,11.41,不复权,正常交易,,,
2024-08-20,300499,10.920,10.890,11.010,10.740,5364450,58418860.50,2.51,0.09,0.01,0.00,300499,10.88,不复权,正常交易,,,
2024-08-21,300499,10.840,10.780,10.970,10.700,4937883,53230378.74,2.52,-1.01,-0.11,0.00,300499,10.89,不复权,正常交易,,,
2024-08-22,300499,10.650,10.780,10.970,10.650,5236400,56448392.00,3.00,0.00,0.00,0.00,300499,10.78,不复权,正常交易,,,
2024-08-23,300499,10.400,9.990,10.440,9.900,14211372,141971606.28,5.45,-7.33,-0.79,0.00,300499,10.78,不复权,正常交易,,,
2024-08-26,300499,9.970,10.380,10.650,9.970,8882958,92205104.04,6.82,3.90,0.39,0.00,300499,9.99,不复权,正常交易,,,
2024-08-27,300499,10.300,10.070,10.310,10.000,5542325,55811212.75,3.10,-2.99,-0.31,0.00,300499,10.38,不复权,正常交易,,,
2024-08-28,300499,10.000,10.060,10.190,9.950,3952777,39764936.62,2.41,-0.10,-0.01,0.00,300499,10.07,不复权,正常交易,,,
2024-08-29,300499,10.020,10.350,10.420,9.900,5916925,61240173.75,5.25,2.88,0.29,0.00,300499,10.06,不复权,正常交易,,,
2024-08-30,300499,10.550,10.410,10.720,10.310,8781300,91413333.00,3.98,0.58,0.06,0.00,300499,10.35,不复权,正常交易,,,
2024-09-02,300499,10.350,10.280,10.660,10.260,5781197,59430705.16,3.90,-1.25,-0.13,0.00,300499,10.41,不复权,正常交易,,,
2024-09-03,300499,10.200,10.330,10.370,10.150,4417400,45631742.00,2.17,0.49,0.05,0.00,300499,10.28,不复权,正常交易,,,
2024-09-04,300499,10.200,10.150,10.230,10.070,3758800,38151820.00,1.59,-1.74,-0.18,0.00,300499,10.33,不复权,正常交易,,,
2024-09-05,300499,10.160,10.230,10.300,10.150,3420400,34990692.00,1.48,0.79,0.08,0.00,300499,10.15,不复权,正常交易,,,
2024-09-06,300499,10.390,10.020,10.400,10.010,5212300,52227246.00,3.90,-2.05,-0.21,0.00,300499,10.23,不复权,正常交易,,,
2024-09-09,300499,10.120,10.040,10.140,9.900,4107900,41243316.00,2.42,0.20,0.02,0.00,300499,10.02,不复权,正常交易,,,
2024-09-10,300499,10.040,10.170,10.230,9.920,4529738,46067435.46,3.13,1.29,0.13,0.00,300499,10.04,不复权,正常交易,,,
2024-09-11,300499,10.170,10.060,10.200,10.020,2831100,28480866.00,1.80,-1.08,-0.11,0.00,300499,10.17,不复权,正常交易,,,
2024-09-12,300499,10.080,9.930,10.180,9.930,3414250,33903502.50,2.52,-1.29,-0.13,0.00,300499,10.06,不复权,正常交易,,,
2024-09-13,300499,9.930,9.560,9.940,9.480,7369800,70455288.00,4.85,-3.73,-0.37,0.00,300499,9.93,不复权,正常交易,,,
2024-09-18,300499,9.560,9.230,9.580,9.170,6835000,63087050.00,4.47,-3.45,-0.33,0.00,300499,9.56,不复权,正常交易,,,
2024-09-19,300499,9.320,9.260,9.360,9.050,7504237,69489234.62,3.43,0.33,0.03,0.00,300499,9.23,不复权,正常交易,,,
2024-09-20,300499,9.280,9.090,9.300,9.050,5812600,52836534.00,2.76,-1.84,-0.17,0.00,300499,9.26,不复权,正常交易,,,
2024-09-23,300499,9.050,9.190,9.370,9.020,5158587,47407414.53,3.88,1.10,0.10,0.00,300499,9.09,不复权,正常交易,,,
2024-09-24,300499,9.260,9.550,9.590,9.150,8506989,81241744.95,4.81,3.92,0.36,0.00,300499,9.19,不复权,正常交易,,,
2024-09-25,300499,9.660,9.620,9.860,9.540,9158400,88103808.00,3.35,0.73,0.07,0.00,300499,9.55,不复权,正常交易,,,
2024-09-26,300499,9.590,9.800,9.820,9.520,8315150,81488470.00,3.15,1.87,0.18,0.00,300499,9.62,不复权,正常交易,,,
2024-09-27,300499,9.960,10.540,10.700,9.920,18553575,195554680.50,7.86,7.55,0.74,0.00,300499,9.80,不复权,正常交易,,,
2024-09-30,300499,11.000,12.010,12.180,10.810,32117585,385732195.85,12.67,13.95,1.47,0.00,300499,10.54,不复权,正常交易,,,
2024-10-08,300499,14.300,13.480,14.300,12.320,44581090,600953093.20,16.07,12.24,1.47,0.00,300499,12.01,不复权,正常交易,,,
2024-10-09,300499,12.800,11.720,13.180,11.710,28427706,333172714.32,12.55,-13.06,-1.76,0.00,300499,13.48,不复权,正常交易,,,
2024-10-10,300499,11.900,11.780,12.470,11.670,16584107,195360780.46,6.86,0.51,0.06,0.00,300499,11.72,不复权,正常交易,,,
2024-10-11,300499,11.700,10.930,11.730,10.800,17402916,190213871.88,8.61,-7.22,-0.85,0.00,300499,11.78,不复权,正常交易,,,
2024-10-14,300499,10.880,11.330,11.330,10.630,15843900,179511387.00,6.59,3.66,0.40,0.00,300499,10.93,不复权,正常交易,,,
2024-10-15,300499,11.200,11.080,11.580,11.040,14475332,160386678.56,4.89,-2.21,-0.25,0.00,300499,11.33,不复权,正常交易,,,
2024-10-16,300499,10.750,11.150,11.360,10.750,10677430,119053344.50,5.67,0.63,0.07,0.00,300499,11.08,不复权,正常交易,,,
2024-10-17,300499,11.200,11.800,12.300,11.200,33658272,397167609.60,9.82,5.83,0.65,0.00,300499,11.15,不复权,正常交易,,,
2024-10-18,300499,12.040,13.450,13.960,11.850,68282215,918395791.75,17.81,13.98,1.65,0.00,300499,11.80,不复权,正常交易,,,
2024-10-21,300499,14.130,14.340,15.800,13.830,91019254,1305216102.36,14.24,6.62,0.89,0.00,300499,13.45,不复权,正常交易,,,
2024-10-22,300499,13.810,13.360,14.260,12.950,54816155,732343830.80,10.12,-6.83,-0.98,0.00,300499,14.34,不复权,正常交易,,,
2024-10-23,300499,13.320,12.900,13.500,12.710,31261800,403277220.00,6.22,-3.44,-0.46,0.00,300499,13.36,不复权,正常交易,,,
2024-10-24,300499,12.810,13.000,13.440,12.580,30387909,395042817.00,6.84,0.78,0.10,0.00,300499,12.90,不复权,正常交易,,,
2024-10-25,300499,12.620,13.170,13.370,12.620,37552172,494562105.24,5.94,1.31,0.17,0.00,300499,13.00,不复权,正常交易,,,
2024-10-28,300499,13.090,12.990,13.090,12.700,25208600,327459714.00,3.07,-1.37,-0.18,0.00,300499,13.17,不复权,正常交易,,,
2024-10-29,300499,13.050,12.830,13.430,12.760,29094356,373280587.48,5.25,-1.23,-0.16,0.00,300499,12.99,不复权,正常交易,,,
2024-10-30,300499,12.760,12.600,12.870,12.370,21858356,275415285.60,4.04,-1.79,-0.23,0.00,300499,12.83,不复权,正常交易,,,
2024-10-31,300499,12.480,12.690,13.150,12.480,25137900,318999951.00,5.37,0.71,0.09,0.00,300499,12.60,不复权,正常交易,,,
2024-11-01,300499,12.770,11.800,12.780,11.780,21976336,259320764.80,8.49,-7.01,-0.89,0.00,300499,12.69,不复权,正常交易,,,
2024-11-04,300499,11.700,12.100,12.150,11.700,11656750,141046675.00,3.85,2.54,0.30,0.00,300499,11.80,不复权,正常交易,,,
2024-11-05,300499,12.180,13.030,13.410,12.100,34950443,455404272.29,10.83,7.69,0.93,0.00,300499,12.10,不复权,正常交易,,,
2024-11-06,300499,13.000,14.180,14.830,13.000,61069794,865969678.92,14.08,8.83,1.15,0.00,300499,13.03,不复权,正常交易,,,
2024-11-07,300499,14.200,17.020,17.020,14.010,94705318,1611884512.36,21.48,20.03,2.84,0.00,300499,14.18,不复权,正常交易,,,
2024-11-08,300499,16.850,15.910,17.440,15.910,72950236,1160638254.76,9.62,-6.52,-1.11,0.00,300499,17.02,不复权,正常交易,,,
2024-11-11,300499,15.910,17.150,17.190,15.910,57168000,980431200.00,8.05,7.79,1.24,0.00,300499,15.91,不复权,正常交易,,,
2024-11-12,300499,17.890,18.010,19.200,17.500,70406774,1268025999.74,9.71,5.01,0.86,0.00,300499,17.15,不复权,正常交易,,,
2024-11-13,300499,17.200,17.280,17.770,16.410,44829431,774652567.68,8.29,-4.05,-0.73,0.00,300499,18.01,不复权,正常交易,,,
2024-11-14,300499,17.110,16.180,17.400,16.110,31604720,511364369.60,8.01,-6.37,-1.10,0.00,300499,17.28,不复权,正常交易,,,
2024-11-15,300499,16.200,16.230,17.410,16.100,34727489,563627146.47,8.14,0.31,0.05,0.00,300499,16.18,不复权,正常交易,,,
2024-11-18,300499,16.500,15.500,17.870,15.160,38383816,594949148.00,17.88,-4.50,-0.73,0.00,300499,16.23,不复权,正常交易,,,
2024-11-19,300499,15.590,16.250,16.300,15.100,27425825,445669656.25,7.95,4.84,0.75,0.00,300499,15.50,不复权,正常交易,,,
2024-11-20,300499,16.800,17.950,18.270,16.720,53413839,958778410.05,9.27,10.46,1.70,0.00,300499,16.25,不复权,正常交易,,,
2024-11-21,300499,17.300,17.700,17.880,16.840,35284983,624544199.10,6.18,-1.39,-0.25,0.00,300499,17.95,不复权,正常交易,,,
2024-11-22,300499,17.330,18.120,19.280,17.330,57591806,1043563524.72,11.25,2.37,0.42,0.00,300499,17.70,不复权,正常交易,,,
2024-11-25,300499,18.060,16.780,18.060,16.300,41297984,692980171.52,10.80,-7.40,-1.34,0.00,300499,18.12,不复权,正常交易,,,
2024-11-26,300499,16.210,16.040,16.990,15.990,31733648,509007713.92,6.25,-4.41,-0.74,0.00,300499,16.78,不复权,正常交易,,,
2024-11-27,300499,15.890,17.300,17.300,15.310,34305363,593482779.90,13.00,7.86,1.26,0.00,300499,16.04,不复权,正常交易,,,
2024-11-28,300499,17.080,16.640,17.350,16.570,22623577,376456321.28,4.71,-3.82,-0.66,0.00,300499,17.30,不复权,正常交易,,,
2024-11-29,300499,16.410,16.740,17.250,16.260,20235988,338750439.12,6.09,0.60,0.10,0.00,300499,16.64,不复权,正常交易,,,
2024-12-02,300499,16.750,16.500,16.870,16.410,20814600,343440900.00,2.80,-1.43,-0.24,0.00,300499,16.74,不复权,正常交易,,,
2024-12-03,300499,16.390,15.960,16.550,15.760,21051409,335980487.64,5.01,-3.27,-0.54,0.00,300499,16.50,不复权,正常交易,,,
2024-12-04,300499,16.170,15.600,16.420,15.470,21018909,327894980.40,6.14,-2.26,-0.36,0.00,300499,15.96,不复权,正常交易,,,
2024-12-05,300499,15.380,16.110,16.330,15.350,18143251,292287773.61,6.38,3.27,0.51,0.00,300499,15.60,不复权,正常交易,,,
2024-12-06,300499,16.120,15.930,16.480,15.780,16272384,259219077.12,4.44,-1.12,-0.18,0.00,300499,16.11,不复权,正常交易,,,
2024-12-09,300499,16.150,16.220,17.170,16.030,27616399,447937991.78,7.11,1.82,0.29,0.00,300499,15.93,不复权,正常交易,,,
2024-12-10,300499,16.830,16.160,17.090,16.080,23248315,375692770.40,6.28,-0.37,-0.06,0.00,300499,16.22,不复权,正常交易,,,
2024-12-11,300499,16.080,16.550,16.880,16.000,21787408,360581602.40,5.50,2.41,0.39,0.00,300499,16.16,不复权,正常交易,,,
2024-12-12,300499,16.690,16.820,17.540,16.640,31528750,530313575.00,5.41,1.63,0.27,0.00,300499,16.55,不复权,正常交易,,,
2024-12-13,300499,16.810,18.160,19.220,16.200,60149634,1092317353.44,18.64,7.97,1.34,0.00,300499,16.82,不复权,正常交易,,,
2024-12-16,300499,18.890,18.260,19.540,18.000,54161738,988993335.88,8.56,0.55,0.10,0.00,300499,18.16,不复权,正常交易,,,
2024-12-17,300499,17.820,15.920,17.940,15.840,44951859,715633595.28,13.26,-12.81,-2.34,0.00,300499,18.26,不复权,正常交易,,,
2024-12-18,300499,15.920,16.500,17.110,15.220,33913697,559576000.50,12.42,3.64,0.58,0.00,300499,15.92,不复权,正常交易,,,
2024-12-19,300499,15.990,19.800,19.800,15.900,65825141,1303337791.80,24.53,20.00,3.30,0.00,300499,16.50,不复权,正常交易,,,
2024-12-20,300499,19.800,19.830,21.350,19.480,102718237,2036902639.71,9.60,0.15,0.03,0.00,300499,19.80,不复权,正常交易,,,
2024-12-23,300499,20.400,21.880,22.740,20.400,95063120,2079981065.60,11.47,10.34,2.05,0.00,300499,19.83,不复权,正常交易,,,
2024-12-24,300499,21.300,22.550,22.550,20.200,85270116,1922841115.80,11.63,3.06,0.67,0.00,300499,21.88,不复权,正常交易,,,
2024-12-25,300499,21.500,22.120,23.500,21.300,72687105,1607838762.60,10.33,-1.91,-0.43,0.00,300499,22.55,不复权,正常交易,,,
2024-12-26,300499,21.850,23.050,24.540,21.510,82706629,1906387798.45,14.09,4.20,0.93,0.00,300499,22.12,不复权,正常交易,,,
2024-12-27,300499,23.050,22.160,24.120,21.660,65935305,1461126358.80,11.36,-3.86,-0.89,0.00,300499,23.05,不复权,正常交易,,,
2024-12-30,300499,22.290,21.150,22.930,21.080,53992664,1141944843.60,8.78,-4.56,-1.01,0.00,300499,22.16,不复权,正常交易,,,
2024-12-31,300499,21.550,20.160,21.810,20.030,45140796,910038447.36,8.89,-4.68,-0.99,0.00,300499,21.15,不复权,正常交易,,,
2025-01-02,300499,20.100,20.380,20.890,19.410,39775154,810617638.52,7.62,1.09,0.22,0.00,300499,20.16,不复权,正常交易,,,
2025-01-03,300499,20.180,18.210,20.180,18.000,43975831,800799882.51,12.11,-10.65,-2.17,0.00,300499,20.38,不复权,正常交易,,,
2025-01-06,300499,18.450,18.410,18.680,17.880,32215853,593093853.73,4.47,1.10,0.20,0.00,300499,18.21,不复权,正常交易,,,
2025-01-07,300499,18.340,19.550,19.600,18.160,43687825,854096978.75,7.93,6.19,1.14,0.00,300499,18.41,不复权,正常交易,,,
2025-01-08,300499,19.180,19.170,19.580,17.950,43104835,826319686.95,9.08,-1.94,-0.38,0.00,300499,19.55,不复权,正常交易,,,
2025-01-09,300499,18.900,19.740,20.400,18.850,47623105,940080092.70,8.22,2.97,0.57,0.00,300499,19.17,不复权,正常交易,,,
2025-01-10,300499,19.100,19.360,20.290,18.680,43437750,840954840.00,8.62,-1.93,-0.38,0.00,300499,19.74,不复权,正常交易,,,
2025-01-13,300499,18.560,18.860,19.360,18.000,31173706,587936095.16,7.56,-2.58,-0.50,0.00,300499,19.36,不复权,正常交易,,,
2025-01-14,300499,19.300,20.380,20.430,18.810,43243543,881303406.34,8.61,8.06,1.52,0.00,300499,18.86,不复权,正常交易,,,
2025-01-15,300499,20.380,19.840,20.680,19.780,30137332,597924666.88,4.55,-2.65,-0.54,0.00,300499,20.38,不复权,正常交易,,,
2025-01-16,300499,19.980,20.490,20.750,19.530,41715899,854758770.51,6.25,3.28,0.65,0.00,300499,19.84,不复权,正常交易,,,
2025-01-17,300499,20.080,19.870,20.480,19.570,33848650,672572675.50,4.65,-3.03,-0.62,0.00,300499,20.49,不复权,正常交易,,,
2025-01-20,300499,20.170,20.380,20.800,20.000,35158862,716537607.56,4.00,2.57,0.51,0.00,300499,19.87,不复权,正常交易,,,
2025-01-21,300499,20.650,21.400,21.410,20.010,41380192,885536108.80,7.00,5.00,1.02,0.00,300499,20.38,不复权,正常交易,,,
2025-01-22,300499,21.190,20.880,22.500,20.850,49307041,1029531016.08,7.91,-2.43,-0.52,0.00,300499,21.40,不复权,正常交易,,,
2025-01-23,300499,21.450,19.170,21.580,19.070,54328236,1041472284.12,13.16,-8.19,-1.71,0.00,300499,20.88,不复权,正常交易,,,
2025-01-24,300499,19.180,19.770,20.140,19.180,34261097,677341887.69,5.01,3.13,0.60,0.00,300499,19.17,不复权,正常交易,,,
2025-01-27,300499,19.420,17.590,19.500,17.490,38001351,668443764.09,11.49,-11.03,-2.18,0.00,300499,19.77,不复权,正常交易,,,
2025-02-05,300499,17.110,16.910,17.350,16.060,38826242,656551752.22,8.03,-3.87,-0.68,0.00,300499,17.59,不复权,正常交易,,,
2025-02-06,300499,17.000,17.190,17.580,16.850,28854728,496012774.32,4.33,1.66,0.28,0.00,300499,16.91,不复权,正常交易,,,
2025-02-07,300499,17.360,17.600,18.170,17.210,32212310,566936656.00,5.58,2.39,0.41,0.00,300499,17.19,不复权,正常交易,,,
2025-02-10,300499,17.620,17.950,18.120,17.620,29157007,523368275.65,2.84,1.99,0.35,0.00,300499,17.60,不复权,正常交易,,,
2025-02-11,300499,17.840,17.530,18.070,17.500,31004149,543502731.97,3.26,-2.34,-0.42,0.00,300499,17.95,不复权,正常交易,,,
2025-02-12,300499,17.500,18.590,18.970,17.400,41805031,777155526.29,9.02,6.05,1.06,0.00,300499,17.53,不复权,正常交易,,,
2025-02-13,300499,18.500,17.920,18.500,17.840,27829200,498699264.00,3.70,-3.60,-0.67,0.00,300499,18.59,不复权,正常交易,,,
2025-02-14,300499,17.920,17.440,18.080,17.280,24173400,421584096.00,4.63,-2.68,-0.48,0.00,300499,17.92,不复权,正常交易,,,
2025-02-17,300499,17.590,19.590,20.500,17.590,67404096,1320446240.64,16.54,12.33,2.15,0.00,300499,17.44,不复权,正常交易,,,
2025-02-18,300499,19.380,18.200,19.680,18.160,43171345,785718479.00,8.37,-7.10,-1.39,0.00,300499,19.59,不复权,正常交易,,,
2025-02-19,300499,18.310,18.900,19.230,18.310,32363060,611661834.00,5.02,3.85,0.70,0.00,300499,18.20,不复权,正常交易,,,
2025-02-20,300499,18.780,19.070,19.150,18.480,31777400,605995018.00,3.63,0.90,0.17,0.00,300499,18.90,不复权,正常交易,,,
2025-02-21,300499,19.470,20.760,20.940,19.300,71579019,1485980434.44,8.50,8.86,1.69,0.00,300499,19.07,不复权,正常交易,,,
2025-02-24,300499,20.330,21.330,21.710,19.680,67990154,1450229984.82,10.32,2.75,0.57,0.00,300499,20.76,不复权,正常交易,,,
2025-02-25,300499,20.300,20.590,21.040,20.200,40650256,836988771.04,4.16,-3.47,-0.74,0.00,300499,21.33,不复权,正常交易,,,
2025-02-26,300499,20.590,20.320,20.700,19.980,32371476,657788392.32,3.60,-1.31,-0.27,0.00,300499,20.59,不复权,正常交易,,,
2025-02-27,300499,20.260,19.450,20.330,18.870,38418575,747241283.75,7.74,-4.28,-0.87,0.00,300499,20.32,不复权,正常交易,,,
2025-02-28,300499,19.100,17.860,19.240,17.810,30504280,544806440.80,8.03,-8.17,-1.59,0.00,300499,19.45,不复权,正常交易,,,
2025-03-03,300499,17.950,17.800,18.330,17.580,19762896,351779548.80,4.27,-0.34,-0.06,0.00,300499,17.86,不复权,正常交易,,,
2025-03-04,300499,17.560,18.210,18.250,17.510,14390463,262050331.23,4.23,2.30,0.41,0.00,300499,17.80,不复权,正常交易,,,
2025-03-05,300499,18.050,18.600,18.600,17.950,19088404,355044314.40,3.62,2.14,0.39,0.00,300499,18.21,不复权,正常交易,,,
2025-03-06,300499,18.620,19.060,19.500,18.400,31238971,595414787.26,5.98,2.47,0.46,0.00,300499,18.60,不复权,正常交易,,,
2025-03-07,300499,18.790,18.530,18.960,18.420,18922115,350626790.95,2.93,-2.78,-0.53,0.00,300499,19.06,不复权,正常交易,,,
2025-03-10,300499,18.600,20.300,20.450,18.540,55143867,1119420500.10,10.30,9.55,1.77,0.00,300499,18.53,不复权,正常交易,,,
2025-03-11,300499,19.900,21.240,21.300,19.470,52134725,1107341559.00,9.40,4.63,0.94,0.00,300499,20.30,不复权,正常交易,,,
2025-03-12,300499,21.000,21.540,22.370,20.850,65822277,1417811846.58,7.29,1.41,0.30,0.00,300499,21.24,不复权,正常交易,,,
2025-03-13,300499,21.200,21.850,22.440,21.150,62459880,1364748378.00,6.10,1.44,0.31,0.00,300499,21.54,不复权,正常交易,,,
2025-03-14,300499,21.840,23.520,23.730,21.220,66335026,1560199811.52,11.83,7.64,1.67,0.00,300499,21.85,不复权,正常交易,,,
2025-03-17,300499,23.000,22.470,23.380,21.940,48202537,1083111006.39,6.56,-4.46,-1.05,0.00,300499,23.52,不复权,正常交易,,,
2025-03-18,300499,22.680,22.330,23.110,21.740,37022905,826721468.65,6.30,-0.62,-0.14,0.00,300499,22.47,不复权,正常交易,,,
2025-03-19,300499,22.090,21.810,22.450,21.500,25184350,549270673.50,4.42,-2.33,-0.52,0.00,300499,22.33,不复权,正常交易,,,
2025-03-20,300499,21.580,21.080,22.060,21.060,27467137,579007247.96,4.75,-3.35,-0.73,0.00,300499,21.81,不复权,正常交易,,,
2025-03-21,300499,21.080,20.780,21.220,20.460,21671300,450329614.00,3.71,-1.42,-0.30,0.00,300499,21.08,不复权,正常交易,,,
2025-03-24,300499,20.780,20.330,21.320,19.600,23175099,471149762.67,8.78,-2.17,-0.45,0.00,300499,20.78,不复权,正常交易,,,
2025-03-25,300499,20.240,20.050,21.080,19.840,21115650,423368782.50,6.25,-1.38,-0.28,0.00,300499,20.33,不复权,正常交易,,,
2025-03-26,300499,19.850,19.870,20.280,19.740,12860671,255541532.77,2.74,-0.90,-0.18,0.00,300499,20.05,不复权,正常交易,,,
2025-03-27,300499,19.640,20.130,20.570,19.270,21024440,423221977.20,6.75,1.31,0.26,0.00,300499,19.87,不复权,正常交易,,,
2025-03-28,300499,20.070,19.450,20.350,19.440,15364534,298840186.30,4.68,-3.38,-0.68,0.00,300499,20.13,不复权,正常交易,,,
2025-03-31,300499,19.270,19.550,19.650,18.400,18680130,365196541.50,6.79,0.51,0.10,0.00,300499,19.45,不复权,正常交易,,,
2025-04-01,300499,19.450,19.940,20.500,19.110,23659477,471769971.38,7.27,1.99,0.39,0.00,300499,19.55,不复权,正常交易,,,
2025-04-02,300499,19.800,20.020,20.590,19.800,20050661,401414233.22,3.99,0.40,0.08,0.00,300499,19.94,不复权,正常交易,,,
2025-04-03,300499,19.500,19.800,20.240,19.240,15632789,309529222.20,5.20,-1.10,-0.22,0.00,300499,20.02,不复权,正常交易,,,
2025-04-07,300499,17.890,15.840,18.700,15.840,23716159,375663958.56,18.06,-20.00,-3.96,0.00,300499,19.80,不复权,正常交易,,,
2025-04-08,300499,15.880,15.220,16.740,14.500,31191645,474736836.90,15.45,-3.91,-0.62,0.00,300499,15.84,不复权,正常交易,,,
2025-04-09,300499,14.800,15.910,16.170,13.260,28653927,455883978.57,21.95,4.53,0.69,0.00,300499,15.22,不复权,正常交易,,,
2025-04-10,300499,16.650,16.420,17.300,16.360,22709272,372886246.24,5.75,3.21,0.51,0.00,300499,15.91,不复权,正常交易,,,
2025-04-11,300499,16.500,17.130,17.400,16.150,19602174,335785240.62,7.74,4.32,0.71,0.00,300499,16.42,不复权,正常交易,,,
2025-04-14,300499,17.680,17.870,18.100,17.310,20295932,362688304.84,4.56,4.32,0.74,0.00,300499,17.13,不复权,正常交易,,,
2025-04-15,300499,18.200,18.400,18.660,17.920,22260000,409584000.00,4.13,2.97,0.53,0.00,300499,17.87,不复权,正常交易,,,
2025-04-16,300499,18.610,17.880,18.850,17.350,18400525,329001387.00,8.65,-2.83,-0.52,0.00,300499,18.40,不复权,正常交易,,,
2025-04-17,300499,17.710,17.750,18.340,17.500,12143022,215538640.50,4.80,-0.73,-0.13,0.00,300499,17.88,不复权,正常交易,,,
2025-04-18,300499,17.600,18.590,18.990,17.600,24992234,464605630.06,7.90,4.73,0.84,0.00,300499,17.75,不复权,正常交易,,,
2025-04-21,300499,18.600,19.500,19.500,17.800,23653513,461243503.50,9.55,4.90,0.91,0.00,300499,18.59,不复权,正常交易,,,
2025-04-22,300499,19.430,18.660,19.450,18.630,13625709,254255729.94,4.40,-4.31,-0.84,0.00,300499,19.50,不复权,正常交易,,,
2025-04-23,300499,18.900,18.760,19.090,18.650,10683500,200422460.00,2.36,0.54,0.10,0.00,300499,18.66,不复权,正常交易,,,
2025-04-24,300499,18.580,18.380,18.740,18.310,8885000,163306300.00,2.35,-2.03,-0.38,0.00,300499,18.76,不复权,正常交易,,,
2025-04-25,300499,18.740,18.210,19.180,18.160,18234575,332051610.75,5.62,-0.92,-0.17,0.00,300499,18.38,不复权,正常交易,,,
2025-04-28,300499,18.400,17.750,18.750,17.510,19128000,339522000.00,7.08,-2.53,-0.46,0.00,300499,18.21,不复权,正常交易,,,
2025-04-29,300499,17.600,17.640,18.000,17.400,10936004,192911110.56,3.45,-0.62,-0.11,0.00,300499,17.75,不复权,正常交易,,,
2025-04-30,300499,17.710,18.150,18.310,17.610,13214976,239851814.40,3.98,2.89,0.51,0.00,300499,17.64,不复权,正常交易,,,
2025-05-06,300499,18.450,19.320,19.480,18.400,23640880,456741801.60,5.87,6.45,1.17,0.00,300499,18.15,不复权,正常交易,,,
2025-05-07,300499,19.610,19.100,19.880,18.880,19620480,374751168.00,5.30,-1.14,-0.22,0.00,300499,19.32,不复权,正常交易,,,
2025-05-08,300499,18.840,19.180,19.430,18.830,14416625,276510867.50,3.19,0.42,0.08,0.00,300499,19.10,不复权,正常交易,,,
2025-05-09,300499,19.100,18.480,19.110,18.300,16032900,296287992.00,4.43,-3.65,-0.70,0.00,300499,19.18,不复权,正常交易,,,
2025-05-12,300499,18.670,18.750,18.820,18.400,12391939,232348856.25,2.28,1.46,0.27,0.00,300499,18.48,不复权,正常交易,,,
2025-05-13,300499,18.900,18.530,19.000,18.460,13469901,249597265.53,2.93,-1.17,-0.22,0.00,300499,18.75,不复权,正常交易,,,
2025-05-14,300499,18.660,18.410,19.060,18.140,15422684,283931612.44,5.07,-0.65,-0.12,0.00,300499,18.53,不复权,正常交易,,,
2025-05-15,300499,18.250,17.480,18.260,17.460,14971323,261698726.04,4.58,-5.05,-0.93,0.00,300499,18.41,不复权,正常交易,,,
2025-05-16,300499,17.370,17.470,17.870,17.340,10002400,174741928.00,3.06,-0.06,-0.01,0.00,300499,17.48,不复权,正常交易,,,
2025-05-19,300499,17.450,16.870,17.530,16.730,19335802,326194979.74,4.78,-3.43,-0.60,0.00,300499,17.47,不复权,正常交易,,,
2025-05-20,300499,16.980,17.100,17.220,16.710,10903479,186449490.90,3.05,1.36,0.23,0.00,300499,16.87,不复权,正常交易,,,
2025-05-21,300499,17.040,16.750,17.070,16.680,9422300,157823525.00,2.34,-2.05,-0.35,0.00,300499,17.10,不复权,正常交易,,,
2025-05-22,300499,16.650,16.500,17.000,16.450,10155221,167561146.50,3.34,-1.49,-0.25,0.00,300499,16.75,不复权,正常交易,,,
2025-05-23,300499,16.530,16.420,16.880,16.360,11695840,192045692.80,3.18,-0.48,-0.08,0.00,300499,16.50,不复权,正常交易,,,
2025-05-26,300499,16.410,17.290,17.450,16.400,20492000,354306680.00,6.40,5.30,0.87,0.00,300499,16.42,不复权,正常交易,,,
2025-05-27,300499,17.380,17.070,17.620,16.810,17021498,290556970.86,4.82,-1.27,-0.22,0.00,300499,17.29,不复权,正常交易,,,
2025-05-28,300499,17.040,16.740,17.100,16.580,11691836,195721334.64,3.14,-1.93,-0.33,0.00,300499,17.07,不复权,正常交易,,,
2025-05-29,300499,16.650,16.930,17.100,16.640,11938800,202123884.00,2.76,1.14,0.19,0.00,300499,16.74,不复权,正常交易,,,
2025-05-30,300499,16.770,16.520,16.980,16.490,11745400,194034008.00,2.97,-2.42,-0.41,0.00,300499,16.93,不复权,正常交易,,,
2025-06-03,300499,16.440,16.720,16.990,16.390,8790527,146977611.44,3.66,1.21,0.20,0.00,300499,16.52,不复权,正常交易,,,
2025-06-04,300499,17.300,17.850,18.870,17.240,40322241,719752001.85,9.45,6.76,1.13,0.00,300499,16.72,不复权,正常交易,,,
2025-06-05,300499,17.420,18.020,18.190,17.210,30546135,550441352.70,5.69,0.95,0.17,0.00,300499,17.85,不复权,正常交易,,,
2025-06-06,300499,17.870,17.770,18.190,17.750,18444609,327760701.93,2.48,-1.39,-0.25,0.00,300499,18.02,不复权,正常交易,,,
2025-06-09,300499,17.860,17.930,18.000,17.750,14142200,253569646.00,1.41,0.90,0.16,0.00,300499,17.77,不复权,正常交易,,,
2025-06-10,300499,17.950,17.330,18.050,17.020,18383700,318589521.00,6.05,-3.35,-0.60,0.00,300499,17.93,不复权,正常交易,,,
2025-06-11,300499,17.250,17.120,17.490,17.080,13676492,234141543.04,2.40,-1.21,-0.21,0.00,300499,17.33,不复权,正常交易,,,
2025-06-12,300499,17.070,17.380,17.500,16.930,13267267,230585100.46,3.37,1.52,0.26,0.00,300499,17.12,不复权,正常交易,,,
2025-06-13,300499,17.160,16.830,17.380,16.810,12196650,205269619.50,3.39,-3.16,-0.55,0.00,300499,17.38,不复权,正常交易,,,
2025-06-16,300499,16.720,17.130,17.360,16.710,11815496,202399446.48,3.89,1.78,0.30,0.00,300499,16.83,不复权,正常交易,,,
2025-06-17,300499,17.160,16.970,17.250,16.850,8440021,143227156.37,2.37,-0.93,-0.16,0.00,300499,17.13,不复权,正常交易,,,
2025-06-18,300499,16.860,17.280,17.280,16.730,12629449,218236878.72,3.29,1.83,0.31,0.00,300499,16.97,不复权,正常交易,,,
2025-06-19,300499,17.310,16.930,17.470,16.830,12327878,208710974.54,3.80,-2.03,-0.35,0.00,300499,17.28,不复权,正常交易,,,
2025-06-20,300499,16.810,16.500,17.120,16.480,10342630,170653395.00,3.88,-2.54,-0.43,0.00,300499,16.93,不复权,正常交易,,,
2025-06-23,300499,16.390,16.750,16.760,16.190,8212525,137559793.75,3.52,1.52,0.25,0.00,300499,16.50,不复权,正常交易,,,
2025-06-24,300499,16.810,17.190,17.260,16.710,12951400,222634566.00,3.29,2.63,0.44,0.00,300499,16.75,不复权,正常交易,,,
2025-06-25,300499,17.180,17.450,17.680,17.140,17345675,302682028.75,3.15,1.51,0.26,0.00,300499,17.19,不复权,正常交易,,,
2025-06-26,300499,17.550,17.410,17.700,17.370,15389306,267927817.46,1.90,-0.23,-0.04,0.00,300499,17.45,不复权,正常交易,,,
2025-06-27,300499,17.350,17.710,17.880,17.330,17623925,312119711.75,3.17,1.72,0.30,0.00,300499,17.41,不复权,正常交易,,,
2025-06-30,300499,17.710,17.800,17.900,17.630,13863378,246768128.40,1.53,0.51,0.09,0.00,300499,17.71,不复权,正常交易,,,
2025-07-01,300499,17.880,17.560,17.880,17.410,12829853,225292218.68,2.70,-1.35,-0.24,0.00,300499,17.80,不复权,正常交易,,,
2025-07-02,300499,17.480,17.140,17.550,17.020,10578700,181318918.00,3.11,-2.39,-0.42,0.00,300499,17.56,不复权,正常交易,,,
2025-07-03,300499,17.280,17.340,17.350,17.090,8260971,143245237.14,1.52,1.17,0.20,0.00,300499,17.14,不复权,正常交易,,,
2025-07-04,300499,17.240,17.190,17.690,17.150,13570300,233273457.00,3.15,-0.87,-0.15,0.00,300499,17.34,不复权,正常交易,,,
2025-07-07,300499,17.130,17.340,17.510,16.980,9508140,164871147.60,3.12,0.87,0.15,0.00,300499,17.19,不复权,正常交易,,,
2025-07-08,300499,17.240,18.050,18.120,17.200,28196966,508955236.30,5.35,4.09,0.71,0.00,300499,17.34,不复权,正常交易,,,
2025-07-09,300499,18.170,17.940,18.270,17.770,18267200,327713568.00,2.81,-0.61,-0.11,0.00,300499,18.05,不复权,正常交易,,,
2025-07-10,300499,17.830,18.230,18.450,17.830,22552891,411139202.93,3.48,1.62,0.29,0.00,300499,17.94,不复权,正常交易,,,
2025-07-11,300499,18.160,18.290,18.460,17.910,19868756,363399547.24,3.07,0.33,0.06,0.00,300499,18.23,不复权,正常交易,,,
2025-07-14,300499,18.390,18.510,18.670,18.260,19112700,353776077.00,2.25,1.20,0.22,0.00,300499,18.29,不复权,正常交易,,,
2025-07-15,300499,18.570,18.900,19.450,18.470,41189244,778476711.60,5.31,2.11,0.39,0.00,300499,18.51,不复权,正常交易,,,
2025-07-16,300499,19.290,18.930,19.480,18.830,32575265,616649766.45,3.45,0.16,0.03,0.00,300499,18.90,不复权,正常交易,,,
2025-07-17,300499,18.620,18.930,19.130,18.620,22615100,428103843.00,2.74,0.00,0.00,0.00,300499,18.93,不复权,正常交易,,,
2025-07-18,300499,18.950,19.050,19.430,18.900,23872461,454770382.05,2.80,0.63,0.12,0.00,300499,18.93,不复权,正常交易,,,
2025-07-21,300499,18.910,18.750,18.960,18.520,20828394,390532387.50,2.38,-1.57,-0.30,0.00,300499,19.05,不复权,正常交易,,,
2025-07-22,300499,18.630,18.440,18.810,18.220,17175394,316714265.36,3.24,-1.65,-0.31,0.00,300499,18.75,不复权,正常交易,,,
2025-07-23,300499,18.480,18.350,18.630,18.250,11952054,219320190.90,2.08,-0.49,-0.09,0.00,300499,18.44,不复权,正常交易,,,
2025-07-24,300499,18.300,18.400,18.560,18.200,17148750,315537000.00,1.98,0.27,0.05,0.00,300499,18.35,不复权,正常交易,,,
2025-07-25,300499,18.400,18.280,18.450,18.120,14429200,263765776.00,1.82,-0.65,-0.12,0.00,300499,18.40,不复权,正常交易,,,
2025-07-28,300499,18.650,18.180,18.880,18.080,36905736,670946280.48,4.42,-0.55,-0.10,0.00,300499,18.28,不复权,正常交易,,,
2025-07-29,300499,18.120,18.630,19.110,17.910,33822124,630106170.12,6.70,2.48,0.45,0.00,300499,18.18,不复权,正常交易,,,
2025-07-30,300499,18.600,19.020,19.440,18.600,49805877,947307780.54,4.52,2.09,0.39,0.00,300499,18.63,不复权,正常交易,,,
2025-07-31,300499,19.300,20.130,20.860,19.250,73296654,1475461645.02,8.36,5.84,1.11,0.00,300499,19.02,不复权,正常交易,,,
2025-08-01,300499,20.030,19.860,20.450,19.700,36639099,727652506.14,3.81,-1.34,-0.27,0.00,300499,20.13,不复权,正常交易,,,
2025-08-04,300499,19.670,20.570,21.110,19.440,46615301,958876741.57,8.59,3.58,0.71,0.00,300499,19.86,不复权,正常交易,,,
2025-08-05,300499,20.500,20.510,20.650,20.050,36049161,739368292.11,2.99,-0.29,-0.06,0.00,300499,20.57,不复权,正常交易,,,
2025-08-06,300499,20.410,20.820,22.050,20.380,56899766,1184653128.12,8.19,1.51,0.31,0.00,300499,20.51,不复权,正常交易,,,
2025-08-07,300499,20.550,20.800,21.320,20.310,41996822,873533897.60,4.97,-0.10,-0.02,0.00,300499,20.82,不复权,正常交易,,,
2025-08-08,300499,20.700,21.440,21.780,20.500,58045283,1244490867.52,6.24,3.08,0.64,0.00,300499,20.80,不复权,正常交易,,,
2025-08-11,300499,21.500,21.690,22.120,21.110,61717661,1338656067.09,4.78,1.17,0.25,0.00,300499,21.44,不复权,正常交易,,,
2025-08-12,300499,21.320,22.830,23.150,21.190,80754784,1843631718.72,9.25,5.26,1.14,0.00,300499,21.69,不复权,正常交易,,,
2025-08-13,300499,22.500,24.360,25.330,22.390,89068260,2169702813.60,13.13,6.70,1.53,0.00,300499,22.83,不复权,正常交易,,,
2025-08-14,300499,24.350,24.110,25.380,23.620,84706594,2042275981.34,7.45,-1.03,-0.25,0.00,300499,24.36,不复权,正常交易,,,
2025-08-15,300499,24.400,25.780,26.500,24.240,93776900,2417568482.00,9.32,6.93,1.67,0.00,300499,24.11,不复权,正常交易,,,
2025-08-18,300499,27.280,30.940,30.940,27.190,72142238,2232080843.72,13.79,20.02,5.16,0.00,300499,25.78,不复权,正常交易,,,
2025-08-19,300499,33.760,33.000,36.040,32.100,129364584,4269031272.00,12.27,6.66,2.06,0.00,300499,30.94,不复权,正常交易,,,
2025-08-20,300499,32.610,32.460,33.230,31.200,74407520,2415268099.20,6.51,-1.64,-0.54,0.00,300499,33.00,不复权,正常交易,,,
2025-08-21,300499,32.740,32.410,33.000,29.670,89258705,2892874629.05,11.22,-0.15,-0.05,0.00,300499,32.46,不复权,正常交易,,,
2025-08-22,300499,32.270,32.160,32.750,31.400,68994978,2218878492.48,4.30,-0.77,-0.25,0.00,300499,32.41,不复权,正常交易,,,
2025-08-25,300499,32.180,33.420,33.890,30.820,97536276,3259662343.92,9.96,3.92,1.26,0.00,300499,32.16,不复权,正常交易,,,
2025-08-26,300499,32.700,32.000,34.300,31.750,78844668,2523029376.00,8.03,-4.25,-1.42,0.00,300499,33.42,不复权,正常交易,,,
2025-08-27,300499,31.000,31.800,33.760,30.880,88172436,2803883464.80,9.33,-0.62,-0.20,0.00,300499,32.00,不复权,正常交易,,,
2025-08-28,300499,31.030,33.020,33.200,30.100,82797911,2733987021.22,10.30,3.84,1.22,0.00,300499,31.80,不复权,正常交易,,,
2025-08-29,300499,34.050,32.440,34.230,32.000,66552384,2158959336.96,6.97,-1.76,-0.58,0.00,300499,33.02,不复权,正常交易,,,
2025-09-01,300499,33.000,32.020,33.920,31.750,56336690,1803900813.80,6.83,-1.29,-0.42,0.00,300499,32.44,不复权,正常交易,,,
2025-09-02,300499,32.040,28.960,32.220,28.800,67023575,1941002732.00,11.87,-9.56,-3.06,0.00,300499,32.02,不复权,正常交易,,,
2025-09-03,300499,29.250,29.830,31.060,28.800,57697551,1721117946.33,7.85,3.00,0.87,0.00,300499,28.96,不复权,正常交易,,,
2025-09-04,300499,29.820,27.670,30.350,27.040,51682735,1430061277.45,12.24,-7.24,-2.16,0.00,300499,29.83,不复权,正常交易,,,
2025-09-05,300499,28.100,29.170,29.250,27.900,39284942,1145941758.14,4.84,5.42,1.50,0.00,300499,27.67,不复权,正常交易,,,
2025-09-08,300499,29.210,28.540,29.660,28.230,37492414,1070033495.56,5.07,-2.16,-0.63,0.00,300499,29.17,不复权,正常交易,,,
2025-09-09,300499,28.500,28.020,29.300,27.780,35709423,1000578032.46,5.47,-1.82,-0.52,0.00,300499,28.54,不复权,正常交易,,,
2025-09-10,300499,28.660,29.380,29.680,28.210,52457611,1541204611.18,5.21,4.85,1.36,0.00,300499,28.02,不复权,正常交易,,,
2025-09-11,300499,29.380,30.040,30.620,28.650,69669341,2092867003.64,6.88,2.25,0.66,0.00,300499,29.38,不复权,正常交易,,,
2025-09-12,300499,29.500,29.540,30.570,29.220,49802944,1471178965.76,4.62,-1.66,-0.50,0.00,300499,30.04,不复权,正常交易,,,
2025-09-15,300499,29.080,29.830,30.290,28.300,41403319,1235061005.77,7.03,0.98,0.29,0.00,300499,29.54,不复权,正常交易,,,
2025-09-16,300499,30.170,30.990,31.800,29.410,63950637,1981830240.63,8.13,3.89,1.16,0.00,300499,29.83,不复权,正常交易,,,
2025-09-17,300499,30.730,32.260,33.180,30.500,70772799,2283130495.74,8.79,4.10,1.27,0.00,300499,30.99,不复权,正常交易,,,
2025-09-18,300499,31.990,34.510,35.850,31.380,93392544,3222976693.44,14.24,6.97,2.25,0.00,300499,32.26,不复权,正常交易,,,
2025-09-19,300499,34.400,31.980,34.490,31.850,64335374,2057445260.52,8.29,-7.33,-2.53,0.00,300499,34.51,不复权,正常交易,,,
2025-09-22,300499,31.920,33.160,33.830,31.600,54359238,1802552332.08,7.06,3.69,1.18,0.00,300499,31.98,不复权,正常交易,,,
2025-09-23,300499,34.240,32.740,36.190,32.100,68736468,2250431962.32,12.74,-1.27,-0.42,0.00,300499,33.16,不复权,正常交易,,,
2025-09-24,300499,32.750,31.840,32.800,31.210,48313232,1538293306.88,5.09,-2.75,-0.90,0.00,300499,32.74,不复权,正常交易,,,
2025-09-25,300499,32.000,32.900,35.000,31.950,66767004,2196634431.60,9.55,3.33,1.06,0.00,300499,31.84,不复权,正常交易,,,
2025-09-26,300499,32.320,30.780,32.910,30.740,50521680,1555057310.40,7.06,-6.44,-2.12,0.00,300499,32.90,不复权,正常交易,,,
2025-09-29,300499,30.810,32.260,32.920,30.460,45411955,1464989668.30,8.08,4.81,1.48,0.00,300499,30.78,不复权,正常交易,,,
2025-09-30,300499,32.500,32.520,33.750,32.110,40740299,1324874523.48,5.11,0.81,0.26,0.00,300499,32.26,不复权,正常交易,,,
2025-10-09,300499,32.860,32.260,33.990,32.100,47117545,1520012001.70,5.89,-0.80,-0.26,0.00,300499,32.52,不复权,正常交易,,,
2025-10-10,300499,31.830,32.200,33.330,31.390,44247715,1424776423.00,6.18,-0.19,-0.06,0.00,300499,32.26,不复权,正常交易,,,
2025-10-13,300499,30.010,31.890,32.050,29.910,41853644,1334712707.16,7.15,-0.96,-0.31,0.00,300499,32.20,不复权,正常交易,,,
2025-10-14,300499,31.930,30.490,33.140,30.210,43905973,1338693116.77,9.70,-4.39,-1.40,0.00,300499,31.89,不复权,正常交易,,,
2025-10-15,300499,30.400,31.170,31.500,29.150,36183707,1127846147.19,8.06,2.23,0.68,0.00,300499,30.49,不复权,正常交易,,,
2025-10-16,300499,30.800,30.460,31.070,30.050,26098429,794958147.34,3.39,-2.28,-0.71,0.00,300499,31.17,不复权,正常交易,,,
2025-10-17,300499,30.200,28.450,30.500,28.150,32541158,925795945.10,8.35,-6.60,-2.01,0.00,300499,30.46,不复权,正常交易,,,
2025-10-20,300499,28.880,28.810,29.850,28.450,28629799,824824509.19,4.92,1.27,0.36,0.00,300499,28.45,不复权,正常交易,,,
2025-10-21,300499,28.900,29.450,29.700,28.500,22626502,666350483.90,4.21,2.22,0.64,0.00,300499,28.81,不复权,正常交易,,,
2025-10-22,300499,29.020,29.080,29.450,28.500,16777190,487880685.20,3.33,-1.26,-0.37,0.00,300499,29.45,不复权,正常交易,,,
2025-10-23,300499,28.990,29.030,29.100,28.070,17781194,516188061.82,3.67,-0.17,-0.05,0.00,300499,29.08,不复权,正常交易,,,
2025-10-24,300499,29.010,29.860,29.880,28.900,30633931,914729179.66,3.39,2.86,0.83,0.00,300499,29.03,不复权,正常交易,,,
2025-10-27,300499,29.950,29.520,30.380,29.120,38012173,1122119346.96,4.33,-1.14,-0.34,0.00,300499,29.86,不复权,正常交易,,,
2025-10-28,300499,29.280,29.170,29.790,28.720,25515832,744296819.44,3.73,-1.19,-0.35,0.00,300499,29.52,不复权,正常交易,,,
2025-10-29,300499,29.520,29.800,30.200,28.930,28344098,844654120.40,4.39,2.16,0.63,0.00,300499,29.17,不复权,正常交易,,,
2025-10-30,300499,29.510,27.860,29.510,27.860,42338440,1179548938.40,5.92,-6.51,-1.94,0.00,300499,29.80,不复权,正常交易,,,
2025-10-31,300499,27.900,27.840,28.480,27.780,20297455,565081147.20,2.52,-0.07,-0.02,0.00,300499,27.86,不复权,正常交易,,,
2025-11-03,300499,27.680,27.830,27.970,27.350,15704886,437066977.38,2.27,-0.04,-0.01,0.00,300499,27.84,不复权,正常交易,,,
2025-11-04,300499,27.610,27.120,27.730,26.820,16467027,446585772.24,3.39,-2.55,-0.71,0.00,300499,27.83,不复权,正常交易,,,
2025-11-05,300499,26.540,27.100,27.260,26.500,11639094,315419447.40,2.87,-0.07,-0.02,0.00,300499,27.12,不复权,正常交易,,,
2025-11-06,300499,27.140,27.560,27.610,27.140,14293786,393936742.16,1.73,1.70,0.46,0.00,300499,27.10,不复权,正常交易,,,
2025-11-07,300499,27.700,27.360,27.990,27.250,15096917,413051649.12,2.72,-0.73,-0.20,0.00,300499,27.56,不复权,正常交易,,,
2025-11-10,300499,27.380,26.640,27.580,26.370,15174764,404255712.96,4.59,-2.63,-0.72,0.00,300499,27.36,不复权,正常交易,,,
2025-11-11,300499,26.800,26.440,26.970,26.280,11529038,304827764.72,2.63,-0.75,-0.20,0.00,300499,26.64,不复权,正常交易,,,
2025-11-12,300499,26.300,26.130,26.400,25.700,12787294,334131992.22,2.72,-1.17,-0.31,0.00,300499,26.44,不复权,正常交易,,,
2025-11-13,300499,26.240,27.360,27.860,25.960,28067125,767916540.00,7.32,4.71,1.23,0.00,300499,26.13,不复权,正常交易,,,
2025-11-14,300499,26.760,26.440,27.230,26.210,15935711,421340198.84,3.89,-3.36,-0.92,0.00,300499,27.36,不复权,正常交易,,,
2025-11-17,300499,26.500,27.180,27.600,26.500,17526966,476382935.88,4.15,2.80,0.74,0.00,300499,26.44,不复权,正常交易,,,
2025-11-18,300499,27.010,26.700,27.340,26.530,13830872,369284282.40,3.05,-1.77,-0.48,0.00,300499,27.18,不复权,正常交易,,,
2025-11-19,300499,26.680,25.990,26.880,25.860,12841720,333756302.80,3.94,-2.66,-0.71,0.00,300499,26.70,不复权,正常交易,,,
2025-11-20,300499,26.550,26.680,27.090,25.640,21322825,568892971.00,5.66,2.65,0.69,0.00,300499,25.99,不复权,正常交易,,,
2025-11-21,300499,26.200,25.380,26.860,25.380,24137234,612602998.92,5.83,-4.87,-1.30,0.00,300499,26.68,不复权,正常交易,,,
2025-11-24,300499,25.690,25.980,26.170,25.320,15281361,397009758.78,3.36,2.36,0.60,0.00,300499,25.38,不复权,正常交易,,,
2025-11-25,300499,26.010,26.160,26.980,26.010,21442981,560948382.96,3.73,0.69,0.18,0.00,300499,25.98,不复权,正常交易,,,
2025-11-26,300499,25.900,26.210,26.590,25.600,16028932,420118307.72,3.87,0.19,0.05,0.00,300499,26.16,不复权,正常交易,,,
2025-11-27,300499,26.300,25.950,26.850,25.930,15689762,407149323.90,3.55,-0.99,-0.26,0.00,300499,26.21,不复权,正常交易,,,
2025-11-28,300499,25.950,26.470,26.830,25.750,16072263,425432801.61,4.19,2.00,0.52,0.00,300499,25.95,不复权,正常交易,,,
2025-12-01,300499,26.550,26.960,27.250,26.420,17870844,481797954.24,3.14,1.85,0.49,0.00,300499,26.47,不复权,正常交易,,,
2025-12-02,300499,26.900,26.180,27.070,26.130,13779284,360741655.12,3.60,-2.89,-0.78,0.00,300499,26.96,不复权,正常交易,,,
2025-12-03,300499,26.830,25.720,27.000,25.680,17808889,458044625.08,5.14,-1.76,-0.46,0.00,300499,26.18,不复权,正常交易,,,
2025-12-04,300499,25.680,25.750,25.940,25.290,11240447,289441510.25,2.57,0.12,0.03,0.00,300499,25.72,不复权,正常交易,,,
2025-12-05,300499,25.520,26.080,26.170,25.220,11124530,290127742.40,3.77,1.28,0.33,0.00,300499,25.75,不复权,正常交易,,,
2025-12-08,300499,26.380,27.040,27.300,26.260,23198970,627300148.80,3.96,3.68,0.96,0.00,300499,26.08,不复权,正常交易,,,
2025-12-09,300499,27.080,27.380,27.780,27.040,21920150,600173707.00,2.74,1.26,0.34,0.00,300499,27.04,不复权,正常交易,,,
2025-12-10,300499,27.200,27.280,27.440,26.720,14288827,389799200.56,2.69,-0.37,-0.10,0.00,300499,27.38,不复权,正常交易,,,
2025-12-11,300499,27.250,26.260,27.430,26.260,14020171,368169690.46,4.46,-3.74,-1.02,0.00,300499,27.28,不复权,正常交易,,,
2025-12-12,300499,26.210,27.480,27.770,25.850,25288647,694932019.56,7.43,4.65,1.22,0.00,300499,26.26,不复权,正常交易,,,
2025-12-15,300499,27.210,27.530,27.990,26.940,23078619,635354381.07,3.90,0.18,0.05,0.00,300499,27.48,不复权,正常交易,,,
2025-12-16,300499,27.040,27.820,28.180,26.270,31880066,886903436.12,7.27,1.05,0.29,0.00,300499,27.53,不复权,正常交易,,,
2025-12-17,300499,28.030,29.960,29.980,28.030,63122944,1891163402.24,6.96,7.69,2.14,0.00,300499,27.82,不复权,正常交易,,,
2025-12-18,300499,29.950,28.800,30.300,28.710,48274260,1390298688.00,5.54,-3.87,-1.16,0.00,300499,29.96,不复权,正常交易,,,
2025-12-19,300499,28.990,28.960,29.500,28.710,30187540,874231158.40,2.75,0.56,0.16,0.00,300499,28.80,不复权,正常交易,,,
2025-12-22,300499,29.080,29.360,29.660,28.930,29498601,866078925.36,2.52,1.38,0.40,0.00,300499,28.96,不复权,正常交易,,,
2025-12-23,300499,29.210,30.790,31.560,29.080,59030510,1817549402.90,8.53,4.87,1.43,0.00,300499,29.36,不复权,正常交易,,,
2025-12-24,300499,31.080,31.400,32.520,30.800,61493040,1930881456.00,5.58,1.98,0.61,0.00,300499,30.79,不复权,正常交易,,,
2025-12-25,300499,30.910,31.500,32.230,30.830,47444054,1494487701.00,4.54,0.32,0.10,0.00,300499,31.40,不复权,正常交易,,,
2025-12-26,300499,31.310,30.660,31.820,30.420,36978591,1133763600.06,4.60,-2.67,-0.84,0.00,300499,31.50,不复权,正常交易,,,
2025-12-29,300499,31.250,30.970,32.190,30.750,32769124,1014859770.28,4.68,1.01,0.31,0.00,300499,30.66,不复权,正常交易,,,
2025-12-30,300499,30.540,31.600,32.800,30.200,49271812,1556989259.20,8.61,2.03,0.63,0.00,300499,30.97,不复权,正常交易,,,
2025-12-31,300499,31.300,30.680,31.950,30.660,29596438,908018717.84,4.21,-2.91,-0.92,0.00,300499,31.60,不复权,正常交易,,,
2026-01-05,300499,30.880,31.790,32.100,30.630,33280705,1057993611.95,4.80,3.62,1.11,0.00,300499,30.68,不复权,正常交易,,,
2026-01-06,300499,31.600,31.000,31.670,30.500,35782751,1109265281.00,3.84,-2.49,-0.79,0.00,300499,31.79,不复权,正常交易,,,
2026-01-07,300499,30.000,31.920,32.110,29.700,49134220,1568364302.40,8.11,2.97,0.92,0.00,300499,31.00,不复权,正常交易,,,
2026-01-08,300499,31.980,31.500,32.320,31.200,29995385,944854627.50,3.59,-1.32,-0.42,0.00,300499,31.92,不复权,正常交易,,,
2026-01-09,300499,31.640,32.580,33.370,31.640,44442015,1447920848.70,5.47,3.43,1.08,0.00,300499,31.50,不复权,正常交易,,,
2026-01-12,300499,33.180,32.370,33.550,32.040,41909209,1356601095.33,4.71,-0.64,-0.21,0.00,300499,32.58,不复权,正常交易,,,
2026-01-13,300499,32.300,30.900,32.910,30.660,38465039,1188569705.10,7.34,-4.54,-1.47,0.00,300499,32.37,不复权,正常交易,,,
2026-01-14,300499,30.900,33.190,33.950,30.660,58048905,1926643156.95,10.73,7.41,2.29,0.00,300499,30.90,不复权,正常交易,,,
2026-01-15,300499,33.000,33.200,34.000,32.720,39771428,1320411409.60,3.91,0.03,0.01,0.00,300499,33.19,不复权,正常交易,,,
2026-01-16,300499,33.600,33.000,34.280,32.730,27650691,912472803.00,4.74,-0.60,-0.20,0.00,300499,33.20,不复权,正常交易,,,
2026-01-19,300499,32.690,32.930,33.770,32.380,26204037,862898938.41,4.29,-0.21,-0.07,0.00,300499,33.00,不复权,正常交易,,,
2026-01-20,300499,32.800,29.550,32.900,29.230,52001322,1536639065.10,12.56,-10.26,-3.38,0.00,300499,32.93,不复权,正常交易,,,
2026-01-21,300499,29.010,30.690,30.990,29.010,30358117,931690610.73,6.83,3.86,1.14,0.00,300499,29.55,不复权,正常交易,,,
2026-01-22,300499,30.790,30.260,31.250,29.930,21217872,642052806.72,4.41,-1.40,-0.43,0.00,300499,30.69,不复权,正常交易,,,
2026-01-23,300499,30.000,29.880,30.320,29.690,20039176,598770578.88,2.12,-1.26,-0.38,0.00,300499,30.26,不复权,正常交易,,,
2026-01-26,300499,29.880,29.580,30.630,29.140,23351540,690738553.20,5.11,-1.00,-0.30,0.00,300499,29.88,不复权,正常交易,,,
2026-01-27,300499,29.330,29.480,29.570,28.000,21168593,624050121.64,5.61,-0.34,-0.10,0.00,300499,29.58,不复权,正常交易,,,
2026-01-28,300499,29.400,29.830,30.350,28.750,28043387,836534234.21,5.57,1.19,0.35,0.00,300499,29.48,不复权,正常交易,,,
2026-01-29,300499,29.500,28.180,29.500,28.100,25204592,710265402.56,4.98,-5.53,-1.65,0.00,300499,29.83,不复权,正常交易,,,
2026-01-30,300499,27.950,28.400,28.900,27.730,17967513,510277369.20,4.22,0.78,0.22,0.00,300499,28.18,不复权,正常交易,,,
2026-02-02,300499,28.500,28.440,29.190,28.260,19691368,560022505.92,3.29,0.14,0.04,0.00,300499,28.40,不复权,正常交易,,,
2026-02-03,300499,28.790,29.240,29.280,28.020,21348894,624241660.56,4.50,2.81,0.80,0.00,300499,28.44,不复权,正常交易,,,
2026-02-04,300499,28.970,28.410,29.270,28.030,17897499,508467946.59,4.42,-2.84,-0.83,0.00,300499,29.24,不复权,正常交易,,,
2026-02-05,300499,28.000,27.290,28.230,27.110,15333136,418441281.44,4.13,-3.94,-1.12,0.00,300499,28.41,不复权,正常交易,,,
2026-02-06,300499,27.110,27.680,28.270,27.000,13214395,365774453.60,4.70,1.43,0.39,0.00,300499,27.29,不复权,正常交易,,,
2026-02-09,300499,28.810,28.670,29.060,28.300,16397896,470127678.32,2.69,3.58,0.99,0.00,300499,27.68,不复权,正常交易,,,
2026-02-10,300499,28.390,29.190,30.150,28.390,24880141,726251315.79,6.20,1.81,0.52,0.00,300499,28.67,不复权,正常交易,,,
2026-02-11,300499,28.810,28.760,29.890,28.740,15428151,443713622.76,4.00,-1.47,-0.43,0.00,300499,29.19,不复权,正常交易,,,
2026-02-12,300499,30.010,30.750,31.470,29.940,51356702,1579218586.50,5.11,6.92,1.99,0.00,300499,28.76,不复权,正常交易,,,
2026-02-13,300499,30.080,31.390,32.590,30.070,46280387,1452741347.93,8.38,2.08,0.64,0.00,300499,30.75,不复权,正常交易,,,
2026-02-24,300499,31.390,31.430,32.100,30.510,35115165,1103669635.95,5.21,0.13,0.04,0.00,300499,31.39,不复权,正常交易,,,
2026-02-25,300499,31.130,31.790,31.930,31.130,26466735,841377505.65,2.57,1.15,0.36,0.00,300499,31.43,不复权,正常交易,,,
2026-02-26,300499,31.830,38.150,38.150,31.790,95735102,3652294141.30,20.01,20.01,6.36,0.00,300499,31.79,不复权,正常交易,,,
2026-02-27,300499,38.000,39.020,39.180,37.200,86527511,3376303479.22,5.32,2.28,0.87,0.00,300499,38.15,不复权,正常交易,,,
2026-03-02,300499,38.300,39.100,41.230,38.110,63928532,2499605601.20,8.19,0.21,0.08,0.00,300499,39.02,不复权,正常交易,,,
2026-03-03,300499,39.520,36.900,40.260,36.700,58674754,2165098422.60,9.70,-5.63,-2.20,0.00,300499,39.10,不复权,正常交易,,,
2026-03-04,300499,36.130,37.360,38.450,36.130,37939833,1417432160.88,6.42,1.25,0.46,0.00,300499,36.90,不复权,正常交易,,,
2026-03-05,300499,38.030,38.660,40.260,37.760,64138813,2479606510.58,6.62,3.48,1.30,0.00,300499,37.36,不复权,正常交易,,,
2026-03-06,300499,38.500,37.800,39.710,37.700,50209282,1897910859.60,5.33,-2.22,-0.86,0.00,300499,38.66,不复权,正常交易,,,
2026-03-09,300499,36.760,37.400,37.500,34.970,46468822,1737933942.80,7.23,-1.06,-0.40,0.00,300499,37.80,不复权,正常交易,,,
2026-03-10,300499,38.280,41.790,42.170,38.000,74231026,3102114576.54,10.97,11.74,4.39,0.00,300499,37.40,不复权,正常交易,,,
2026-03-11,300499,41.290,41.990,43.500,40.970,65671728,2757555858.72,6.18,0.48,0.20,0.00,300499,41.79,不复权,正常交易,,,
2026-03-12,300499,41.370,40.020,41.790,39.410,41423297,1657760345.94,6.04,-4.69,-1.97,0.00,300499,41.99,不复权,正常交易,,,
2026-03-13,300499,39.770,38.270,40.000,38.030,33502505,1282140866.35,5.18,-4.37,-1.75,0.00,300499,40.02,不复权,正常交易,,,
2026-03-16,300499,38.280,39.880,40.450,37.000,50754776,2024100466.88,9.32,4.21,1.61,0.00,300499,38.27,不复权,正常交易,,,
2026-03-17,300499,39.420,36.570,39.680,36.510,41095533,1502863641.81,8.68,-8.30,-3.31,0.00,300499,39.88,不复权,正常交易,,,
2026-03-18,300499,37.940,41.400,42.300,37.230,74376860,3079202004.00,13.62,13.21,4.83,0.00,300499,36.57,不复权,正常交易,,,
2026-03-19,300499,40.660,40.500,41.920,39.680,51083388,2068877214.00,5.65,-2.17,-0.90,0.00,300499,41.40,不复权,正常交易,,,
2026-03-20,300499,40.470,39.240,41.500,39.140,50284217,1973152675.08,6.03,-3.11,-1.26,0.00,300499,40.50,不复权,正常交易,,,
2026-03-23,300499,37.690,36.700,38.940,36.390,36740682,1348383029.40,7.01,-6.47,-2.54,0.00,300499,39.24,不复权,正常交易,,,
2026-03-24,300499,37.990,37.930,38.350,36.300,38447569,1458316292.17,5.65,3.35,1.23,0.00,300499,36.70,不复权,正常交易,,,
2026-03-25,300499,38.480,38.490,40.300,37.200,41521768,1598172850.32,8.33,1.48,0.56,0.00,300499,37.93,不复权,正常交易,,,
2026-03-26,300499,38.150,36.560,38.400,36.400,31808063,1162902783.28,5.49,-5.01,-1.93,0.00,300499,38.49,不复权,正常交易,,,
2026-03-27,300499,35.480,35.800,36.470,34.800,29260076,1047510720.80,4.80,-2.08,-0.76,0.00,300499,36.56,不复权,正常交易,,,
2026-03-30,300499,35.000,36.580,37.300,34.500,29149172,1066276711.76,8.12,2.18,0.78,0.00,300499,35.80,不复权,正常交易,,,
2026-03-31,300499,36.110,35.120,36.980,34.940,24145012,847972821.44,5.84,-3.99,-1.46,0.00,300499,36.58,不复权,正常交易,,,
2026-04-01,300499,36.300,36.330,36.850,35.660,26295755,955324779.15,3.34,3.45,1.21,0.00,300499,35.12,不复权,正常交易,,,
2026-04-02,300499,36.200,34.210,36.270,34.030,24345345,832854252.45,6.58,-5.84,-2.12,0.00,300499,36.33,不复权,正常交易,,,
2026-04-03,300499,34.500,33.830,35.200,33.760,20737874,701562277.42,4.27,-1.11,-0.38,0.00,300499,34.21,不复权,正常交易,,,
2026-04-07,300499,34.210,33.520,34.840,33.440,17450999,584957486.48,4.19,-0.92,-0.31,0.00,300499,33.83,不复权,正常交易,,,
2026-04-08,300499,34.990,37.400,37.560,34.770,39025240,1459543976.00,8.02,11.58,3.88,0.00,300499,33.52,不复权,正常交易,,,
2026-04-09,300499,36.250,37.630,38.010,36.250,32941016,1239570432.08,4.86,0.61,0.23,0.00,300499,37.40,不复权,正常交易,,,
2026-04-10,300499,38.210,38.600,40.220,38.000,46714868,1803193904.80,5.84,2.58,0.97,0.00,300499,37.63,不复权,正常交易,,,
2026-04-13,300499,38.720,40.440,40.910,38.720,42934233,1736260382.52,5.66,4.77,1.84,0.00,300499,38.60,不复权,正常交易,,,
2026-04-14,300499,40.420,41.900,43.260,40.250,49313186,2066222493.40,7.48,3.61,1.46,0.00,300499,40.44,不复权,正常交易,,,
2026-04-15,300499,41.500,41.080,42.450,40.800,38362970,1575950807.60,4.04,-1.96,-0.82,0.00,300499,41.90,不复权,正常交易,,,
2026-04-16,300499,40.730,41.950,42.690,40.680,30700068,1287867852.60,4.94,2.12,0.87,0.00,300499,41.08,不复权,正常交易,,,
2026-04-17,300499,41.900,42.600,43.980,41.490,41187338,1754580598.80,6.00,1.55,0.65,0.00,300499,41.95,不复权,正常交易,,,
2026-04-20,300499,43.000,44.970,47.170,42.750,55245374,2484384468.78,10.34,5.56,2.37,0.00,300499,42.60,不复权,正常交易,,,
2026-04-21,300499,42.000,41.920,43.000,40.800,57736892,2420330512.64,5.39,-6.78,-3.05,0.00,300499,44.97,不复权,正常交易,,,
2026-04-22,300499,41.530,44.250,45.000,41.210,51112374,2261722549.50,9.20,5.56,2.33,0.00,300499,41.92,不复权,正常交易,,,
2026-04-23,300499,44.220,42.400,44.220,42.130,34536768,1464358963.20,4.96,-4.18,-1.85,0.00,300499,44.25,不复权,正常交易,,,
2026-04-24,300499,41.610,41.000,42.200,39.610,36693043,1504414763.00,6.54,-3.30,-1.40,0.00,300499,42.40,不复权,正常交易,,,
2026-04-27,300499,41.830,40.590,41.830,40.320,25850285,1049263068.15,3.75,-3.82,-1.61,0.00,300499,42.20,不复权，正常交易,,,
2026-04-28,300499,40.500,39.190,40.710,39.000,22510173,882173679.87,4.38,-6.31,-2.64,0.00,300499,41.83,不复权，正常交易,,,
2026-04-29,300499,38.810,39.000,39.990,38.680,22293577,869449503.00,3.39,-0.48,-0.19,0.00,300499,39.19,不复权，正常交易,,,
2026-04-30,300499,39.07,38.45,39.32,37.79,22429273,NaN,3.83,-3.85,-1.54,224292.73,,39.99,不复权，正常交易,,,
2026-05-06,300499,39.88,40.48,41.36,39.88,34683847,NaN,3.76,2.95,1.16,346838.47,,39.32,不复权，正常交易,,,
2026-05-07,300499,40.62,44.5,45.16,40.62,55410447,NaN,10.98,7.59,3.14,554104.47,,41.36,不复权，正常交易,,,
2026-05-08,300499,43.16,43.77,44.28,42.91,34838883,NaN,3.03,-3.08,-1.39,348388.83,,45.16,不复权，正常交易,,,
2026-05-11,300499,44.2,44.37,44.98,43.18,42580071,NaN,4.07,0.20,0.09,425800.71,,44.28,不复权，正常交易,,,
2026-05-12,300499,45.16,43.74,45.2,43.14,31370018,NaN,4.58,-2.76,-1.24,313700.18,,44.98,不复权，正常交易,,,
2026-05-13,300499,42.95,46.4,46.4,42.65,56697329,NaN,8.30,2.65,1.20,566973.29,,45.20,不复权，正常交易,,,
2026-05-14,300499,46.4,43.6,46.9,43.53,48963708,NaN,7.26,-6.03,-2.80,489637.08,,46.40,不复权，正常交易,,,
2026-05-15,300499,44.46,43.13,45.35,42.63,38675389,NaN,5.80,-8.04,-3.77,386753.89,,46.90,不复权，正常交易,,,
2026-05-18,300499,42.81,43.98,45.08,42.46,35204469,NaN,5.78,-3.02,-1.37,352044.69,,45.35,不复权，正常交易,,,
2026-05-19,300499,43.03,45.91,45.94,42.42,44241253,1964045618.94,7.81,1.84,0.83,0.16,nan,45.08,不复权，正常交易,,,
2026-05-20,300499,45.01,47.53,48.04,44.93,58515997,2742557785.4,6.77,3.53,1.62,0.22,nan,45.91,不复权，正常交易,,,
2026-05-21,300499,47.39,43.14,47.39,43.0,55283291,2513873078.22,9.24,-9.24,-4.39,0.20,nan,47.53,不复权，正常交易,,,
2026-05-22,300499,43.71,45.31,45.6,42.85,36595109,nan,5.80,-4.39,-2.08,nan,nan,47.39,不复权，正常交易,,,
2026-05-25,300499,45.91,46.33,47.54,44.89,44974576.0,nan,5.81,1.60,0.73,449745.76,,45.60,不复权，正常交易,,,
2026-05-26,300499,46.4,43.85,46.44,43.37,37515425.0,nan,6.46,-7.76,-3.69,375154.25,,47.54,不复权，正常交易,,,
2026-05-27,300499,43.02,40.92,43.58,40.28,39696958.0,nan,7.11,-11.89,-5.52,396969.58,,46.44,不复权，正常交易,,,
2026-05-28,300499,40.89,42.01,42.58,40.23,29162716.0,nan,5.39,-3.60,-1.57,291627.16,,43.58,不复权，正常交易,,,
2026-05-29,300499,42.35,38.2,43.35,37.7,40140233.0,nan,13.27,-10.29,-4.38,401402.33,,42.58,不复权，正常交易,,,
2026-06-01,300499,38.6,36.64,38.64,36.0,26354156.0,nan,6.09,-15.48,-6.71,263541.56,,43.35,不复权，正常交易,,,
2026-06-02,300499,36.52,36.9,37.28,35.08,24345543.0,nan,5.69,-4.50,-1.74,243455.43,,38.64,不复权，正常交易,,,
2026-06-03,300499,36.7,37.0,38.17,36.37,27924558.0,nan,4.83,-0.75,-0.28,279245.58,,37.28,不复权，正常交易,,,
2026-06-04,300499,36.42,38.25,38.56,36.18,28274521.0,nan,6.24,0.21,0.08,282745.21,,38.17,不复权，正常交易,,,
2026-06-05,300499,37.55,36.73,37.93,35.98,25391828.0,nan,5.06,-4.75,-1.83,253918.28,,38.56,不复权，正常交易,,,
2026-06-08,300499,35.1,34.0,35.49,33.56,24915158.0,nan,5.09,-10.36,-3.93,249151.58,,37.93,不复权，正常交易,,,
2026-06-09,300499,34.68,36.09,36.3,34.1,25257876.0,nan,6.20,1.69,0.60,252578.76,,35.49,不复权，正常交易,,,
2026-06-10,300499,35.74,34.81,35.9,34.56,19236986.0,nan,3.69,-4.10,-1.49,192369.86,,36.30,不复权，正常交易,,,
2026-06-11,300499,34.71,34.4,34.98,33.75,16465016.0,nan,3.43,-4.18,-1.50,164650.16,,35.90,不复权，正常交易,,,
2026-06-12,300499,35.16,34.16,35.68,34.07,17079788.0,nan,4.60,-2.34,-0.82,170797.88,,34.98,不复权，正常交易,,,
2026-06-15,300499,34.66,37.71,37.99,34.66,27824138.0,nan,9.33,5.69,2.03,278241.38,,35.68,不复权，正常交易,,,
2026-06-16,300499,37.86,38.73,38.96,37.41,26191588.0,nan,4.08,1.95,0.74,261915.88,,37.99,不复权，正常交易,,,
2026-06-17,300499,38.36,38.58,39.03,37.89,22122819.0,nan,2.93,-0.98,-0.38,221228.19,,38.96,不复权，正常交易,,,
2026-06-18,300499,38.68,38.86,39.58,38.39,21410755.0,nan,3.05,-0.44,-0.17,214107.55,,39.03,不复权，正常交易,,,
2026-06-22,300499,39.1,38.73,39.55,37.22,30756394.0,nan,5.89,-2.15,-0.85,307563.94,,39.58,不复权，正常交易,,,
2026-06-23,300499,46.0,40.94,46.46,40.44,58802576.0,nan,15.22,3.51,1.39,588025.76,,39.55,不复权，正常交易,,,
2026-06-24,300499,40.19,42.47,43.9,38.7,51835814.0,nan,11.19,-8.59,-3.99,518358.14,,46.46,不复权，正常交易,,,
2026-06-25,300499,42.6,42.86,45.19,42.3,50684030.0,nan,6.58,-2.37,-1.04,506840.30,,43.90,不复权，正常交易,,,
2026-06-26,300499,42.2,40.16,42.65,40.04,37385021.0,nan,5.78,-11.13,-5.03,373850.21,,45.19,不复权，正常交易,,,
2026-06-29,300499,40.25,37.11,40.55,36.18,36005357.0,nan,10.25,-12.99,-5.54,360053.57,,42.65,不复权，正常交易,,,
2026-06-30,300499,37.77,38.7,39.15,36.58,25967313.0,nan,6.34,-4.56,-1.85,259673.13,,40.55,不复权，正常交易,,,
2026-07-01,300499,38.7,37.25,39.7,37.05,28963192.0,nan,6.77,-4.85,-1.90,289631.92,,39.15,不复权，正常交易,,,
2026-07-02,300499,36.0,36.15,37.9,35.46,24688221.0,nan,6.15,-8.94,-3.55,246882.21,,39.70,不复权，正常交易,,,
2026-07-03,300499,36.0,36.6,37.95,35.71,24145776.0,nan,6.20,1.24,0.45,241457.76,,36.15,不复权，正常交易,,,
2026-07-06,300499,36.72,40.3,43.43,36.68,59948648.0,nan,17.79,6.19,2.35,599486.48,,37.95,不复权，正常交易,,,
2026-07-07,300499,39.9,38.48,41.05,38.3,29983024.0,nan,6.33,-11.40,-4.95,299830.24,,43.43,不复权，正常交易,,,
2026-07-08,300499,38.99,37.71,40.1,37.57,35278762.0,nan,6.16,-8.14,-3.34,352787.62,,41.05,不复权，正常交易,,,
2026-07-09,300499,38.16,39.09,39.5,36.0,39526697.0,nan,8.73,-2.52,-1.01,395266.97,,40.10,不复权，正常交易,,,
2026-07-10,300499,38.88,38.6,40.87,38.3,38695979.0,nan,6.51,-2.28,-0.90,386959.79,,39.50,不复权，正常交易,,,
2026-07-20,300499,29.85,26.16,29.85,25.4,26652201.0,732248232.86,15.54,-8.63,-2.47,9.82,,26.16,不复权，正常交易,,,
2026-07-21,300499,26.45,27.73,27.78,23.2,29837800.0,770533190.21,17.51,6.00,1.57,10.99,,26.16,不复权，正常交易,,,
2026-07-22,300499,27.2,28.17,29.8,27.01,29315276.0,833639075.83,10.06,1.59,0.44,10.80,,27.73,不复权，正常交易,,,
2026-07-23,300499,28.42,27.8,29.38,27.35,20733608.0,587957652.02,7.21,-1.31,-0.37,7.64,,28.17,不复权，正常交易,,,
2026-07-24,300499,27.38,27.01,27.95,26.8,12423208.0,339296618.22,4.14,-2.84,-0.79,4.58,,27.80,不复权，正常交易,,,
2026-07-27,300499,27.09,27.97,28.03,26.52,14802723.0,406600426.01,5.59,3.55,0.96,5.45,,27.01,不复权，正常交易,,,
2026-07-28,300499,27.12,25.93,27.49,25.8,17400644.0,462347812.1,6.04,-7.29,-2.04,6.41,,27.97,不复权，正常交易,,,
2026-07-29,300499,26.0,25.8,26.02,24.65,14894800.0,377659929.1,5.28,-0.50,-0.13,5.49,,25.93,不复权，正常交易,,,
2026-07-30,300499,25.51,23.8,25.7,23.58,17456031.0,424922912.45,8.22,-7.75,-2.00,6.43,,25.80,不复权，正常交易,,,
2026-07-31,300499,25.49,25.04,26.14,24.93,19196107.0,489969552.53,5.08,5.21,1.24,7.07,,23.80,不复权，正常交易,,,
2026-08-03,300499,25.06,25.2,25.66,24.81,12536951.0,316301234.71,3.39,0.64,0.16,4.62,,25.04,不复权，正常交易,,,
2026-08-04,300499,25.63,27.05,27.25,25.41,20785419.0,550972375.82,7.30,7.34,1.85,7.66,,25.20,不复权，正常交易,,,
2026-08-05,300499,26.7,27.9,28.29,26.69,21639384.0,600163569.57,5.91,3.14,0.85,7.97,,27.05,不复权，正常交易,,,
2026-08-06,300499,27.51,28.01,28.54,27.13,19411125.0,541860953.44,5.05,0.39,0.11,7.15,,27.90,不复权，正常交易,,,
2026-08-07,300499,28.03,29.1,29.27,27.54,24462944.0,701798850.56,6.18,3.89,1.09,9.01,,28.01,不复权，正常交易,,,
2026-08-10,300499,29.2,28.35,29.5,27.9,16954369.0,480761521.56,5.50,-2.58,-0.75,6.25,,29.10,不复权，正常交易,,,
2026-08-11,300499,28.7,28.29,29.0,28.03,15829523.0,451979568.16,3.42,-0.21,-0.06,5.83,,28.35,不复权，正常交易,,,
2026-08-12,300499,28.39,28.73,29.13,28.01,16724928.0,480422374.03,3.96,1.56,0.44,6.16,,28.29,不复权，正常交易,,,
2026-08-13,300499,29.22,28.31,29.6,28.3,17807227.0,518372431.13,4.52,-1.46,-0.42,6.56,,28.73,不复权，正常交易,,,
2026-08-14,300499,28.87,29.75,29.99,28.87,25249733.0,742542157.53,3.96,5.09,1.44,9.30,,28.31,不复权，正常交易,,,
2026-08-17,300499,29.8,30.48,30.5,29.4,22658836.0,678936862.11,3.70,2.45,0.73,8.35,,29.75,不复权，正常交易,,,
2026-08-18,300499,30.24,29.6,30.35,29.13,20263524.0,600568313.22,4.00,-2.89,-0.88,7.47,,30.48,不复权，正常交易,,,
2026-08-19,300499,28.86,27.18,28.95,27.1,16719873.0,467482080.56,6.25,-8.18,-2.42,6.16,,29.60,不复权，正常交易,,,
2026-08-20,300499,27.93,27.23,27.95,26.87,10389598.0,284109106.18,3.97,0.18,0.05,3.83,,27.18,不复权，正常交易,,,
2026-08-21,300499,27.06,28.26,28.93,26.87,16500555.0,464446943.62,7.57,3.78,1.03,6.07,,27.23,不复权，正常交易,,,
2026-08-24,300499,28.43,28.95,29.27,27.88,27211679.0,780173259.39,4.92,2.44,0.69,10.01,,28.26,不复权，正常交易,,,
2026-08-25,300499,28.93,30.8,31.36,28.12,45006032.0,1354624296.67,11.19,6.39,1.85,16.56,,28.95,不复权，正常交易,,,
2026-08-26,300499,30.6,29.85,30.8,29.13,31025233.0,926598651.03,5.42,-3.08,-0.95,11.42,,30.80,不复权，正常交易,,,
2026-08-27,300499,30.25,31.5,31.68,29.49,35966321.0,1112163614.76,7.34,5.53,1.65,13.24,,29.85,不复权，正常交易,,,
2026-08-28,300499,31.49,30.92,32.48,30.86,32836887.0,1041722770.75,5.14,-1.84,-0.58,12.08,,31.50,不复权，正常交易,,,
2026-08-31,300499,30.03,32.42,32.6,29.98,30291557.0,968641693.21,8.47,4.85,1.50,11.15,,30.92,不复权，正常交易,,,
2026-09-01,300499,32.39,32.44,33.35,31.48,27245590.0,879362211.82,5.77,0.06,0.02,10.03,,32.42,不复权，正常交易,,,
2026-09-02,300499,31.57,32.43,33.28,31.57,27722332.0,906780074.2,5.27,-0.03,-0.01,10.20,,32.43,不复权，正常交易,,,
2026-09-03,300499,33.0,33.84,34.58,32.51,44284312.0,1485390901.49,6.38,4.35,1.41,16.30,,33.84,不复权，正常交易,,,
2026-09-04,300499,34.83,33.0,36.59,32.2,49149736.0,1683845214.45,12.97,-2.48,-0.84,18.09,,33.00,不复权，正常交易,,,
2026-09-07,300499,32.67,35.91,37.15,31.01,58123685.0,2013986666.39,18.61,8.82,2.91,21.39,,35.91,不复权，正常交易,,,
2026-09-08,300499,35.37,33.96,35.58,33.6,44767195.0,1529810722.47,5.51,-5.43,-1.95,16.47,,33.96,不复权，正常交易,,,
2026-09-09,300499,33.63,36.82,37.0,33.0,52685228.0,1832561067.43,11.78,8.42,2.86,19.39,,36.82,不复权，正常交易,,,
2026-09-10,300499,36.8,36.53,38.62,36.33,53664984.0,2015983328.07,6.22,-0.79,-0.29,19.75,,36.53,不复权，正常交易,,,
2026-09-11,300499,36.0,34.9,36.52,33.41,45163161.0,1564579887.01,8.51,-4.46,-1.63,16.62,,34.90,不复权，正常交易,,,
2026-09-14,300499,33.92,36.7,36.89,33.52,39610995.0,1411341847.73,9.66,5.16,1.80,14.58,,36.70,不复权，正常交易,,,
2026-09-15,300499,37.66,37.86,38.58,36.97,41126511.0,1561012314.6,4.39,3.16,1.16,15.13,,37.86,不复权，正常交易,,,
2026-09-16,300499,37.43,38.18,38.55,36.86,36433345.0,1371655713.34,4.46,0.85,0.32,13.41,,38.18,不复权，正常交易,,,
2026-09-17,300499,38.6,38.26,39.58,38.0,37887891.0,1469807691.59,4.14,0.21,0.08,13.94,,38.26,不复权，正常交易,,,
2026-09-18,300499,39.1,37.72,39.12,37.03,34375172.0,1302717872.38,5.46,-1.41,-0.54,12.65,,37.72,不复权，正常交易,,,
2026-09-21,300499,37.35,37.04,38.54,36.9,31969000.0,1201648531.25,4.35,-1.80,-0.68,11.76,,37.04,不复权，正常交易,,,
2026-09-22,300499,37.33,36.3,37.88,36.14,28349749.0,1041814200.15,4.70,-2.00,-0.74,10.43,,36.30,不复权，正常交易,,,
2026-09-23,300499,36.42,36.02,37.24,35.85,20409818.0,743137039.88,3.83,-0.77,-0.28,7.51,,36.02,不复权，正常交易,,,
2026-09-24,300499,35.74,35.92,36.75,35.45,19873883.0,717768246.08,3.61,-0.28,-0.10,7.31,,35.92,不复权，正常交易,,,
2026-09-28,300499,35.93,33.5,36.27,33.27,20304644.0,691932001.04,8.35,-6.74,-2.42,7.47,,33.50,不复权，正常交易,,,
2026-09-29,300499,33.55,33.48,33.99,33.0,11757041.0,394108052.1,2.96,-0.06,-0.02,4.33,,33.48,不复权，正常交易,,,
2026-09-30,300499,33.61,31.41,33.8,31.32,20984050.0,676158205.15,7.41,-6.18,-2.07,7.72,,31.41,不复权，正常交易,,,
2026-10-08,300499,31.45,29.91,31.7,29.56,15673208.0,477721207.31,6.81,-4.78,-1.50,5.77,,29.91,不复权，正常交易,,,
2026-10-09,300499,29.72,28.68,29.84,26.92,25911479.0,725981140.68,9.76,-4.11,-1.23,9.54,,28.68,不复权，正常交易,,,
