日期,股票代码,开盘,收盘,最高,最低,成交量,成交额,振幅,涨跌幅,涨跌额,换手率,股票名称,前收盘,复权状态,交易状态,动态市盈率,动态市现率,动态市净率
2022-03-11,301011,41.000,41.890,42.110,40.560,882759,36978774.51,3.82,0.22,0.09,0.00,301011,41.80,不复权,正常交易,,,
2022-03-14,301011,41.290,40.060,41.710,40.000,801415,32104684.90,4.28,-4.37,-1.83,0.00,301011,41.89,不复权,正常交易,,,
2022-03-15,301011,40.230,37.490,40.230,37.360,1102108,41318028.92,7.68,-6.42,-2.57,0.00,301011,40.06,不复权,正常交易,,,
2022-03-16,301011,37.920,38.980,39.050,37.350,1055652,41149314.96,4.55,3.97,1.49,0.00,301011,37.49,不复权,正常交易,,,
2022-03-17,301011,39.420,41.110,41.710,39.030,1545031,63516224.41,6.87,5.46,2.13,0.00,301011,38.98,不复权,正常交易,,,
2022-03-18,301011,40.600,40.880,41.430,40.490,732731,29954043.28,2.32,-0.56,-0.23,0.00,301011,41.11,不复权,正常交易,,,
2022-03-21,301011,40.600,41.980,42.000,40.600,874799,36724062.02,3.45,2.69,1.10,0.00,301011,40.88,不复权,正常交易,,,
2022-03-22,301011,41.950,41.830,42.470,40.850,944194,39495635.02,3.97,-0.36,-0.15,0.00,301011,41.98,不复权,正常交易,,,
2022-03-23,301011,41.600,42.180,42.450,41.270,745803,31457970.54,2.86,0.84,0.35,0.00,301011,41.83,不复权,正常交易,,,
2022-03-24,301011,41.930,41.830,42.250,41.430,529849,22163583.67,1.98,-0.83,-0.35,0.00,301011,42.18,不复权,正常交易,,,
2022-03-25,301011,41.510,41.990,43.500,41.400,1023751,42987304.49,5.07,0.38,0.16,0.00,301011,41.83,不复权,正常交易,,,
2022-03-28,301011,41.390,41.170,42.980,40.810,1469648,60505408.16,5.32,-1.95,-0.82,0.00,301011,41.99,不复权,正常交易,,,
2022-03-29,301011,41.170,40.640,42.140,40.190,974890,39619529.60,4.85,-1.29,-0.53,0.00,301011,41.17,不复权,正常交易,,,
2022-03-30,301011,40.950,42.260,42.500,39.900,1171973,49527578.98,6.52,3.99,1.62,0.00,301011,40.64,不复权,正常交易,,,
2022-03-31,301011,41.000,39.870,41.340,39.800,1591601,63457131.87,3.87,-5.66,-2.39,0.00,301011,42.26,不复权,正常交易,,,
2022-04-01,301011,40.180,40.700,41.210,39.350,1799174,73226381.80,4.73,2.08,0.83,0.00,301011,39.87,不复权,正常交易,,,
2022-04-06,301011,40.590,42.000,42.800,40.580,1663298,69858516.00,5.47,3.19,1.30,0.00,301011,40.70,不复权,正常交易,,,
2022-04-07,301011,41.390,39.310,41.600,39.310,1402731,55141355.61,5.83,-6.40,-2.69,0.00,301011,42.00,不复权,正常交易,,,
2022-04-08,301011,40.360,37.900,40.360,37.580,1204674,45657144.60,7.40,-3.59,-1.41,0.00,301011,39.31,不复权,正常交易,,,
2022-04-11,301011,37.680,35.730,37.700,35.700,936583,33464110.59,5.60,-5.73,-2.17,0.00,301011,37.90,不复权,正常交易,,,
2022-04-12,301011,37.000,37.820,39.120,36.120,1474651,55771300.82,8.31,5.85,2.09,0.00,301011,35.73,不复权,正常交易,,,
2022-04-13,301011,37.050,35.570,37.490,35.430,1077768,38336207.76,5.81,-5.95,-2.25,0.00,301011,37.82,不复权,正常交易,,,
2022-04-14,301011,35.990,35.520,36.370,35.150,629469,22358738.88,3.47,-0.14,-0.05,0.00,301011,35.57,不复权,正常交易,,,
2022-04-15,301011,35.520,34.110,35.770,34.040,763470,26041961.70,5.08,-3.97,-1.41,0.00,301011,35.52,不复权,正常交易,,,
2022-04-18,301011,34.100,34.590,34.930,33.010,451789,15627381.51,5.82,1.41,0.48,0.00,301011,34.11,不复权,正常交易,,,
2022-04-19,301011,34.590,35.130,35.470,34.180,507689,17835114.57,3.77,1.56,0.54,0.00,301011,34.59,不复权,正常交易,,,
2022-04-20,301011,35.320,36.340,36.880,35.130,1095226,39800512.84,4.98,3.44,1.21,0.00,301011,35.13,不复权,正常交易,,,
2022-04-21,301011,36.010,35.600,36.540,34.150,1036575,36902070.00,7.00,-2.04,-0.74,0.00,301011,36.34,不复权,正常交易,,,
2022-04-22,301011,35.100,33.900,35.500,33.260,1602070,54310173.00,6.73,-4.78,-1.70,0.00,301011,35.60,不复权,正常交易,,,
2022-04-25,301011,33.280,28.900,33.280,28.800,1839939,53174237.10,15.56,-14.75,-5.00,0.00,301011,33.90,不复权,正常交易,,,
2022-04-26,301011,29.040,28.500,30.150,28.380,1191377,33954244.50,6.24,-1.38,-0.40,0.00,301011,28.90,不复权,正常交易,,,
2022-04-27,301011,27.170,28.850,29.000,26.770,1076337,31052322.45,8.33,1.23,0.35,0.00,301011,28.50,不复权,正常交易,,,
2022-04-28,301011,28.050,27.830,28.820,27.760,697803,19419857.49,3.82,-3.54,-1.02,0.00,301011,28.85,不复权,正常交易,,,
2022-04-29,301011,28.490,28.770,29.400,27.900,805247,23166956.19,5.38,3.38,0.94,0.00,301011,27.83,不复权,正常交易,,,
2022-05-05,301011,28.780,29.510,29.940,28.280,653112,19273335.12,5.87,2.57,0.74,0.00,301011,28.77,不复权,正常交易,,,
2022-05-06,301011,28.700,29.420,29.900,28.680,566207,16657809.94,4.25,-0.30,-0.09,0.00,301011,29.51,不复权,正常交易,,,
2022-05-09,301011,29.460,29.740,30.270,28.980,507577,15095339.98,4.45,1.09,0.32,0.00,301011,29.42,不复权,正常交易,,,
2022-05-10,301011,29.390,29.980,30.120,28.880,715613,21454077.74,4.29,0.81,0.24,0.00,301011,29.74,不复权,正常交易,,,
2022-05-11,301011,29.810,30.220,31.200,29.400,1081278,32676221.16,6.12,0.80,0.24,0.00,301011,29.98,不复权,正常交易,,,
2022-05-12,301011,30.330,30.600,31.000,29.910,774006,23684583.60,3.64,1.26,0.38,0.00,301011,30.22,不复权,正常交易,,,
2022-05-13,301011,30.770,30.450,31.680,30.310,788774,24018168.30,4.52,-0.49,-0.15,0.00,301011,30.60,不复权,正常交易,,,
2022-05-16,301011,30.600,30.930,31.300,30.350,684035,21157202.55,3.13,1.58,0.48,0.00,301011,30.45,不复权,正常交易,,,
2022-05-17,301011,31.410,30.370,31.600,30.050,594060,18041602.20,5.16,-1.81,-0.56,0.00,301011,30.93,不复权,正常交易,,,
2022-05-18,301011,30.210,31.240,32.200,30.210,1210556,37817769.44,6.59,2.86,0.87,0.00,301011,30.37,不复权,正常交易,,,
2022-05-19,301011,30.490,30.700,31.090,29.850,799185,24534979.50,4.15,-1.73,-0.54,0.00,301011,31.24,不复权,正常交易,,,
2022-05-20,301011,30.910,30.990,31.890,30.500,710217,22009624.83,4.56,0.94,0.29,0.00,301011,30.70,不复权,正常交易,,,
2022-05-23,301011,31.490,32.170,32.170,30.700,801950,25798731.50,4.79,3.81,1.18,0.00,301011,30.99,不复权,正常交易,,,
2022-05-24,301011,35.170,32.870,35.970,32.320,3324598,109279536.26,11.29,2.18,0.70,0.00,301011,32.17,不复权,正常交易,,,
2022-05-25,301011,33.100,32.300,34.000,30.950,2722284,87929773.20,9.85,-1.73,-0.57,0.00,301011,32.87,不复权,正常交易,,,
2022-05-26,301011,31.980,31.140,31.980,30.580,1965369,61201590.66,4.58,-3.59,-1.16,0.00,301011,32.30,不复权,正常交易,,,
2022-05-27,301011,30.660,30.020,31.290,29.660,1625044,48783820.88,5.50,-3.60,-1.12,0.00,301011,31.14,不复权,正常交易,,,
2022-05-30,301011,30.410,30.120,30.500,29.360,997609,30047983.08,3.88,0.33,0.10,0.00,301011,30.02,不复权,正常交易,,,
2022-05-31,301011,30.120,30.910,31.200,29.100,1465766,45306827.06,7.22,2.62,0.79,0.00,301011,30.12,不复权,正常交易,,,
2022-06-01,301011,30.700,31.280,32.180,30.420,1408356,44053375.68,5.79,1.20,0.37,0.00,301011,30.91,不复权,正常交易,,,
2022-06-02,301011,31.100,31.010,31.420,30.380,774421,24014795.21,3.42,-0.86,-0.27,0.00,301011,31.28,不复权,正常交易,,,
2022-06-06,301011,31.020,31.800,31.980,30.480,835725,26576055.00,4.92,2.55,0.79,0.00,301011,31.01,不复权,正常交易,,,
2022-06-07,301011,31.960,30.700,32.150,30.420,1049351,32215075.70,5.69,-3.46,-1.10,0.00,301011,31.80,不复权,正常交易,,,
2022-06-08,301011,30.460,30.560,31.090,29.730,1095179,33468670.24,4.57,-0.46,-0.14,0.00,301011,30.70,不复权,正常交易,,,
2022-06-09,301011,30.560,29.170,30.580,29.100,942398,27489749.66,5.09,-4.55,-1.39,0.00,301011,30.56,不复权,正常交易,,,
2022-06-10,301011,29.180,29.280,29.440,28.510,531827,15571894.56,3.26,0.38,0.11,0.00,301011,29.17,不复权,正常交易,,,
2022-06-13,301011,29.040,29.370,29.790,28.880,614392,18044693.04,3.15,0.31,0.09,0.00,301011,29.28,不复权,正常交易,,,
2022-06-14,301011,29.050,28.610,29.320,27.700,1063363,30422815.43,5.85,-2.59,-0.76,0.00,301011,29.37,不复权,正常交易,,,
2022-06-15,301011,28.690,28.310,29.120,28.160,722799,20462439.69,3.41,-1.05,-0.30,0.00,301011,28.61,不复权,正常交易,,,
2022-06-16,301011,28.500,29.960,30.050,28.330,1601845,47991276.20,6.07,5.83,1.65,0.00,301011,28.31,不复权,正常交易,,,
2022-06-17,301011,29.700,28.970,30.020,28.590,1019306,29529294.82,5.00,-3.30,-0.99,0.00,301011,29.96,不复权,正常交易,,,
2022-06-20,301011,28.970,29.860,30.130,28.900,1004496,29994250.56,4.26,3.07,0.89,0.00,301011,28.97,不复权,正常交易,,,
2022-06-21,301011,29.760,30.320,30.680,29.740,1166545,35369644.40,3.16,1.54,0.46,0.00,301011,29.86,不复权,正常交易,,,
2022-06-22,301011,30.320,29.300,30.600,29.210,711948,20860076.40,4.76,-3.36,-1.02,0.00,301011,30.32,不复权,正常交易,,,
2022-06-23,301011,29.300,29.440,29.650,28.800,669887,19721473.28,2.95,0.48,0.14,0.00,301011,29.30,不复权,正常交易,,,
2022-06-24,301011,29.500,30.180,30.300,29.500,922169,27831060.42,2.71,2.51,0.74,0.00,301011,29.44,不复权,正常交易,,,
2022-06-27,301011,30.780,31.240,31.800,30.400,1572960,49139270.40,4.61,3.51,1.06,0.00,301011,30.18,不复权,正常交易,,,
2022-06-28,301011,30.860,31.900,32.200,30.860,1575524,50259215.60,4.34,2.11,0.66,0.00,301011,31.24,不复权,正常交易,,,
2022-06-29,301011,31.910,31.070,32.080,31.000,1386640,43082904.80,3.48,-2.60,-0.83,0.00,301011,31.90,不复权,正常交易,,,
2022-06-30,301011,31.500,32.890,33.200,31.220,3377652,111090974.28,6.34,5.86,1.82,0.00,301011,31.07,不复权,正常交易,,,
2022-07-01,301011,33.000,31.750,33.340,31.490,3084648,97937574.00,5.87,-3.47,-1.14,0.00,301011,32.89,不复权,正常交易,,,
2022-07-04,301011,32.190,32.130,32.780,31.410,1498649,48151592.37,4.36,1.20,0.38,0.00,301011,31.75,不复权,正常交易,,,
2022-07-05,301011,32.120,31.350,32.630,31.000,1285015,40285220.25,5.26,-2.43,-0.78,0.00,301011,32.13,不复权,正常交易,,,
2022-07-06,301011,31.400,31.000,31.800,30.630,895425,27758175.00,3.82,-1.12,-0.35,0.00,301011,31.35,不复权,正常交易,,,
2022-07-07,301011,31.000,30.500,31.280,30.450,861875,26287187.50,2.73,-1.61,-0.50,0.00,301011,31.00,不复权,正常交易,,,
2022-07-08,301011,30.500,31.320,31.980,30.480,1375276,43073644.32,4.92,2.69,0.82,0.00,301011,30.50,不复权,正常交易,,,
2022-07-11,301011,30.980,29.890,31.500,29.650,1310994,39185610.66,6.24,-4.57,-1.43,0.00,301011,31.32,不复权,正常交易,,,
2022-07-12,301011,30.220,28.530,30.220,28.350,1097500,31311675.00,6.60,-4.55,-1.36,0.00,301011,29.89,不复权,正常交易,,,
2022-07-13,301011,28.560,29.640,30.160,28.450,1184131,35097642.84,6.01,3.89,1.11,0.00,301011,28.53,不复权,正常交易,,,
2022-07-14,301011,29.800,31.120,31.380,29.520,1450374,45135638.88,6.30,4.99,1.48,0.00,301011,29.64,不复权,正常交易,,,
2022-07-15,301011,31.280,29.810,31.280,29.710,948650,28279256.50,5.28,-4.21,-1.31,0.00,301011,31.12,不复权,正常交易,,,
2022-07-18,301011,29.970,30.780,30.910,29.840,675703,20798138.34,3.59,3.25,0.97,0.00,301011,29.81,不复权,正常交易,,,
2022-07-19,301011,30.780,31.770,31.950,30.720,1061452,33722330.04,4.00,3.22,0.99,0.00,301011,30.78,不复权,正常交易,,,
2022-07-20,301011,31.680,31.640,32.120,31.420,639700,20240108.00,2.23,-0.41,-0.13,0.00,301011,31.77,不复权,正常交易,,,
2022-07-21,301011,31.650,31.620,32.450,31.510,746478,23603634.36,2.98,-0.06,-0.02,0.00,301011,31.64,不复权,正常交易,,,
2022-07-22,301011,31.700,31.100,31.990,30.790,707431,22001104.10,3.90,-1.64,-0.52,0.00,301011,31.62,不复权,正常交易,,,
2022-07-25,301011,31.130,30.900,31.600,30.780,518693,16027613.70,2.66,-0.64,-0.20,0.00,301011,31.10,不复权,正常交易,,,
2022-07-26,301011,30.630,31.090,31.290,30.610,519109,16139098.81,2.22,0.61,0.19,0.00,301011,30.90,不复权,正常交易,,,
2022-07-27,301011,31.090,31.440,31.580,30.520,648575,20391198.00,3.47,1.13,0.35,0.00,301011,31.09,不复权,正常交易,,,
2022-07-28,301011,31.600,31.600,31.840,31.410,699452,22102683.20,1.37,0.51,0.16,0.00,301011,31.44,不复权,正常交易,,,
2022-07-29,301011,31.600,30.870,31.880,30.830,680300,21000861.00,3.41,-2.31,-0.73,0.00,301011,31.60,不复权,正常交易,,,
2022-08-01,301011,30.630,31.210,31.540,30.090,733935,22906111.35,4.82,1.10,0.34,0.00,301011,30.87,不复权,正常交易,,,
2022-08-02,301011,30.970,28.800,31.190,28.550,1466847,42245193.60,9.25,-7.72,-2.41,0.00,301011,31.21,不复权,正常交易,,,
2022-08-03,301011,28.660,29.280,29.960,28.660,1104259,32332703.52,4.54,1.67,0.48,0.00,301011,28.80,不复权,正常交易,,,
2022-08-04,301011,29.280,29.330,29.680,28.890,675359,19808279.47,2.73,0.17,0.05,0.00,301011,29.28,不复权,正常交易,,,
2022-08-05,301011,29.330,30.000,30.070,29.330,697475,20924250.00,2.52,2.28,0.67,0.00,301011,29.33,不复权,正常交易,,,
2022-08-08,301011,30.000,30.210,30.470,29.600,493190,14899269.90,2.94,0.70,0.21,0.00,301011,30.00,不复权,正常交易,,,
2022-08-09,301011,30.050,30.700,30.890,29.920,666953,20475457.10,3.24,1.62,0.49,0.00,301011,30.21,不复权,正常交易,,,
2022-08-10,301011,30.690,31.100,31.430,30.320,861231,26784284.10,3.66,1.30,0.40,0.00,301011,30.70,不复权,正常交易,,,
2022-08-11,301011,21.560,24.720,25.580,21.560,3911344,96688423.68,18.65,-20.51,-6.38,0.00,301011,31.10,不复权,正常交易,,,
2022-08-12,301011,25.030,24.770,25.740,24.390,3094442,76649328.34,5.54,0.20,0.05,0.00,301011,24.72,不复权,正常交易,,,
2022-08-15,301011,25.310,25.110,25.770,24.580,2153438,54072828.18,4.84,1.37,0.34,0.00,301011,24.77,不复权,正常交易,,,
2022-08-16,301011,25.210,24.640,25.330,24.500,1555219,38320596.16,3.39,-1.87,-0.47,0.00,301011,25.11,不复权,正常交易,,,
2022-08-17,301011,24.750,24.670,24.950,24.250,1794450,44269081.50,2.89,0.12,0.03,0.00,301011,24.64,不复权,正常交易,,,
2022-08-18,301011,24.680,24.230,24.700,24.100,1441910,34937479.30,2.49,-1.78,-0.44,0.00,301011,24.67,不复权,正常交易,,,
2022-08-19,301011,24.100,24.120,25.470,24.090,3139059,75714103.08,5.73,-0.45,-0.11,0.00,301011,24.23,不复权,正常交易,,,
2022-08-22,301011,24.850,28.940,28.940,24.250,10284031,297619857.14,19.34,19.98,4.82,0.00,301011,24.12,不复权,正常交易,,,
2022-08-23,301011,28.500,27.820,28.900,26.910,9077033,252523058.06,7.40,-3.87,-1.12,0.00,301011,28.94,不复权,正常交易,,,
2022-08-24,301011,27.820,29.680,30.580,27.170,9505691,282128908.88,12.55,6.69,1.86,0.00,301011,27.82,不复权,正常交易,,,
2022-08-25,301011,30.000,29.920,31.200,28.620,7729259,231259429.28,9.01,0.81,0.24,0.00,301011,29.68,不复权,正常交易,,,
2022-08-26,301011,29.000,28.910,29.270,27.510,5302804,153304063.64,6.40,-3.38,-1.01,0.00,301011,29.92,不复权,正常交易,,,
2022-08-29,301011,28.250,29.500,29.880,27.600,4217739,124423300.50,8.26,2.04,0.59,0.00,301011,28.91,不复权,正常交易,,,
2022-08-30,301011,29.090,28.450,30.520,27.660,4331070,123218941.50,10.34,-3.56,-1.05,0.00,301011,29.50,不复权,正常交易,,,
2022-08-31,301011,27.590,26.480,28.380,26.200,3995518,105801316.64,8.32,-6.92,-1.97,0.00,301011,28.45,不复权,正常交易,,,
2022-09-01,301011,26.890,26.660,28.030,26.520,3123981,83285333.46,5.69,0.68,0.18,0.00,301011,26.48,不复权,正常交易,,,
2022-09-02,301011,26.800,27.110,27.810,26.550,3225818,87451925.98,4.75,1.69,0.45,0.00,301011,26.66,不复权,正常交易,,,
2022-09-05,301011,27.110,26.060,27.160,25.550,2639990,68798139.40,6.30,-3.87,-1.05,0.00,301011,27.11,不复权,正常交易,,,
2022-09-06,301011,26.240,26.050,26.420,25.380,1837497,47866796.85,4.10,-0.04,-0.01,0.00,301011,26.06,不复权,正常交易,,,
2022-09-07,301011,25.900,26.530,26.580,25.440,2264558,60078723.74,4.48,1.84,0.48,0.00,301011,26.05,不复权,正常交易,,,
2022-09-08,301011,26.520,25.100,26.760,24.900,2361679,59278142.90,7.47,-5.39,-1.43,0.00,301011,26.53,不复权,正常交易,,,
2022-09-09,301011,25.320,25.390,25.580,24.890,1434869,36431323.91,2.77,1.16,0.29,0.00,301011,25.10,不复权,正常交易,,,
2022-09-13,301011,25.490,25.810,25.950,25.010,1631863,42118384.03,3.76,1.65,0.42,0.00,301011,25.39,不复权,正常交易,,,
2022-09-14,301011,25.000,25.350,25.640,24.770,1176608,29827012.80,3.51,-1.78,-0.46,0.00,301011,25.81,不复权,正常交易,,,
2022-09-15,301011,25.330,26.820,27.370,24.400,3873602,103890005.64,12.17,5.80,1.47,0.00,301011,25.35,不复权,正常交易,,,
2022-09-16,301011,26.520,26.640,27.350,25.990,2582630,68801263.20,5.23,-0.67,-0.18,0.00,301011,26.82,不复权,正常交易,,,
2022-09-19,301011,26.500,25.120,26.500,24.600,1998881,50211890.72,7.72,-5.71,-1.52,0.00,301011,26.64,不复权,正常交易,,,
2022-09-20,301011,25.820,27.750,29.300,25.700,5108575,141762956.25,14.01,10.47,2.63,0.00,301011,25.12,不复权,正常交易,,,
2022-09-21,301011,27.650,28.490,28.870,27.320,5001419,142490427.31,5.67,2.67,0.74,0.00,301011,27.75,不复权,正常交易,,,
2022-09-22,301011,27.990,27.460,28.230,27.190,3154518,86623064.28,3.82,-3.62,-1.03,0.00,301011,28.49,不复权,正常交易,,,
2022-09-23,301011,27.410,26.580,28.610,26.430,2863628,76115232.24,8.25,-3.20,-0.88,0.00,301011,27.46,不复权,正常交易,,,
2022-09-26,301011,26.580,27.340,27.840,26.000,2994628,81873129.52,7.08,2.86,0.76,0.00,301011,26.58,不复权,正常交易,,,
2022-09-27,301011,26.770,28.380,28.500,26.770,3724648,105705510.24,6.46,3.80,1.04,0.00,301011,27.34,不复权,正常交易,,,
2022-09-28,301011,28.010,27.880,29.040,27.610,2857519,79667629.72,5.18,-1.76,-0.50,0.00,301011,28.38,不复权,正常交易,,,
2022-09-29,301011,28.100,26.600,28.240,26.490,2389920,63571872.00,6.61,-4.59,-1.28,0.00,301011,27.88,不复权,正常交易,,,
2022-09-30,301011,26.800,25.200,26.990,25.000,2076844,52336468.80,7.96,-5.26,-1.40,0.00,301011,26.60,不复权,正常交易,,,
2022-10-10,301011,25.300,22.860,25.480,22.730,2202157,50341309.02,12.10,-9.29,-2.34,0.00,301011,25.20,不复权,正常交易,,,
2022-10-11,301011,22.900,22.060,22.900,21.840,1312830,28961029.80,4.85,-3.50,-0.80,0.00,301011,22.86,不复权,正常交易,,,
2022-10-12,301011,22.140,22.880,22.900,21.520,1231423,28174958.24,6.41,3.72,0.82,0.00,301011,22.06,不复权,正常交易,,,
2022-10-13,301011,22.710,23.000,23.560,22.450,1513103,34801369.00,4.94,0.52,0.12,0.00,301011,22.88,不复权,正常交易,,,
2022-10-14,301011,23.080,23.430,23.750,23.080,1294331,30326175.33,2.90,1.87,0.43,0.00,301011,23.00,不复权,正常交易,,,
2022-10-17,301011,23.630,23.630,23.870,23.350,1038308,24535218.04,2.23,0.85,0.20,0.00,301011,23.43,不复权,正常交易,,,
2022-10-18,301011,23.820,23.060,23.840,23.030,1546499,35662266.94,3.52,-2.41,-0.57,0.00,301011,23.63,不复权,正常交易,,,
2022-10-19,301011,23.030,22.500,23.140,22.470,1309902,29472795.00,2.98,-2.43,-0.56,0.00,301011,23.06,不复权,正常交易,,,
2022-10-20,301011,22.600,22.700,22.990,22.000,1241800,28188860.00,4.50,0.89,0.20,0.00,301011,22.50,不复权,正常交易,,,
2022-10-21,301011,22.700,21.910,22.990,21.880,1459958,31987679.78,5.07,-3.48,-0.79,0.00,301011,22.70,不复权,正常交易,,,
2022-10-24,301011,22.000,21.160,22.340,21.110,1174762,24857963.92,5.83,-3.42,-0.75,0.00,301011,21.91,不复权,正常交易,,,
2022-10-25,301011,21.390,20.580,21.390,20.200,1448889,29818135.62,5.89,-2.74,-0.58,0.00,301011,21.16,不复权,正常交易,,,
2022-10-26,301011,21.240,23.200,24.030,21.000,4147493,96221837.60,14.43,12.73,2.62,0.00,301011,20.58,不复权,正常交易,,,
2022-10-27,301011,22.740,22.960,23.410,22.740,2138094,49090638.24,2.95,-1.03,-0.24,0.00,301011,23.20,不复权,正常交易,,,
2022-10-28,301011,23.610,23.260,25.240,22.930,2702860,62868523.60,10.07,1.31,0.30,0.00,301011,22.96,不复权,正常交易,,,
2022-10-31,301011,23.170,23.290,23.740,22.620,1773031,41293891.99,4.95,0.13,0.03,0.00,301011,23.26,不复权,正常交易,,,
2022-11-01,301011,23.340,24.220,24.280,22.910,2576906,62412663.32,5.98,3.99,0.93,0.00,301011,23.29,不复权,正常交易,,,
2022-11-02,301011,27.200,29.060,29.060,27.200,3854148,112001540.88,6.84,19.98,4.84,0.00,301011,24.22,不复权,正常交易,,,
2022-11-03,301011,25.780,28.540,29.550,25.780,7234271,206466094.34,14.62,-1.79,-0.52,0.00,301011,29.06,不复权,正常交易,,,
2022-11-04,301011,28.540,28.000,28.700,27.580,4998130,139947640.00,4.06,-1.89,-0.54,0.00,301011,28.54,不复权,正常交易,,,
2022-11-07,301011,27.990,28.470,29.500,27.660,4830643,137528406.21,6.65,1.68,0.47,0.00,301011,28.00,不复权,正常交易,,,
2022-11-08,301011,28.110,28.680,29.060,27.880,3548112,101759852.16,4.23,0.74,0.21,0.00,301011,28.47,不复权,正常交易,,,
2022-11-09,301011,28.540,29.130,29.500,28.010,3736494,108844070.22,5.32,1.57,0.45,0.00,301011,28.68,不复权,正常交易,,,
2022-11-10,301011,28.830,28.670,29.430,28.320,3333264,95564678.88,3.92,-1.58,-0.46,0.00,301011,29.13,不复权,正常交易,,,
2022-11-11,301011,29.340,27.840,30.400,27.790,5357661,149157282.24,9.39,-2.90,-0.83,0.00,301011,28.67,不复权,正常交易,,,
2022-11-14,301011,27.400,27.490,28.490,27.400,3148401,86549543.49,3.98,-1.26,-0.35,0.00,301011,27.84,不复权,正常交易,,,
2022-11-15,301011,27.510,27.660,27.940,27.300,1970225,54496423.50,2.34,0.62,0.17,0.00,301011,27.49,不复权,正常交易,,,
2022-11-16,301011,27.750,27.900,28.540,27.650,1915772,53450038.80,3.22,0.87,0.24,0.00,301011,27.66,不复权,正常交易,,,
2022-11-17,301011,28.690,28.470,29.740,28.090,3704459,105465947.73,5.87,2.04,0.57,0.00,301011,27.90,不复权,正常交易,,,
2022-11-18,301011,28.420,28.710,29.880,28.420,4464380,128172349.80,5.14,0.84,0.24,0.00,301011,28.47,不复权,正常交易,,,
2022-11-21,301011,28.790,27.620,29.280,27.370,3310756,91443080.72,6.98,-3.80,-1.09,0.00,301011,28.71,不复权,正常交易,,,
2022-11-22,301011,27.580,27.370,27.800,27.060,1993919,54573563.03,2.73,-0.91,-0.25,0.00,301011,27.62,不复权,正常交易,,,
2022-11-23,301011,28.100,26.150,28.100,25.800,2729009,71363585.35,8.91,-4.46,-1.22,0.00,301011,27.37,不复权,正常交易,,,
2022-11-24,301011,26.100,26.210,26.890,25.920,2092803,54852366.63,3.74,0.23,0.06,0.00,301011,26.15,不复权,正常交易,,,
2022-11-25,301011,26.400,25.730,26.400,25.330,1387847,35709303.31,4.22,-1.83,-0.48,0.00,301011,26.21,不复权,正常交易,,,
2022-11-28,301011,25.100,25.250,25.850,24.980,1684198,42525999.50,3.48,-1.87,-0.48,0.00,301011,25.73,不复权,正常交易,,,
2022-11-29,301011,25.300,26.400,26.620,25.250,2093353,55264519.20,5.43,4.55,1.15,0.00,301011,25.25,不复权,正常交易,,,
2022-11-30,301011,26.400,26.100,26.590,25.680,1737864,45358250.40,3.54,-1.14,-0.30,0.00,301011,26.40,不复权,正常交易,,,
2022-12-01,301011,27.800,28.680,28.990,27.350,6204691,177950537.88,6.00,9.89,2.58,0.00,301011,26.10,不复权,正常交易,,,
2022-12-02,301011,28.340,29.020,29.660,28.200,4077327,118324029.54,5.18,1.19,0.34,0.00,301011,28.68,不复权,正常交易,,,
2022-12-05,301011,29.400,28.820,29.640,28.580,2197975,63345639.50,3.71,-0.69,-0.20,0.00,301011,29.02,不复权,正常交易,,,
2022-12-06,301011,28.450,28.790,29.290,28.450,1835590,52846636.10,2.95,-0.10,-0.03,0.00,301011,28.82,不复权,正常交易,,,
2022-12-07,301011,28.210,31.050,31.650,28.210,5293876,164374849.80,12.19,7.85,2.26,0.00,301011,28.79,不复权,正常交易,,,
2022-12-08,301011,31.050,31.230,31.880,30.110,3904896,121949902.08,5.88,0.58,0.18,0.00,301011,31.05,不复权,正常交易,,,
2022-12-09,301011,31.000,30.440,31.340,30.290,2160375,65761815.00,3.47,-2.53,-0.79,0.00,301011,31.23,不复权,正常交易,,,
2022-12-12,301011,30.020,30.090,30.530,29.800,1582163,47607284.67,2.45,-1.15,-0.35,0.00,301011,30.44,不复权,正常交易,,,
2022-12-13,301011,30.140,30.270,30.890,29.750,1964713,59471862.51,3.83,0.60,0.18,0.00,301011,30.09,不复权,正常交易,,,
2022-12-14,301011,29.910,30.950,31.430,29.540,2154935,66695238.25,6.40,2.25,0.68,0.00,301011,30.27,不复权,正常交易,,,
2022-12-15,301011,30.560,29.650,30.880,29.610,1683034,49901958.10,4.29,-4.20,-1.30,0.00,301011,30.95,不复权,正常交易,,,
2022-12-16,301011,29.600,29.590,29.900,29.170,1218467,36054438.53,2.50,-0.20,-0.06,0.00,301011,29.65,不复权,正常交易,,,
2022-12-19,301011,29.210,28.720,29.760,28.630,1361860,39112619.20,3.95,-2.94,-0.87,0.00,301011,29.59,不复权,正常交易,,,
2022-12-20,301011,28.590,27.900,28.790,27.810,1298149,36218357.10,3.52,-2.86,-0.82,0.00,301011,28.72,不复权,正常交易,,,
2022-12-21,301011,28.180,27.620,28.300,27.370,1160004,32039310.48,3.40,-1.00,-0.28,0.00,301011,27.90,不复权,正常交易,,,
2022-12-22,301011,27.560,27.440,28.240,27.290,938102,25741518.88,3.48,-0.65,-0.18,0.00,301011,27.62,不复权,正常交易,,,
2022-12-23,301011,27.290,27.850,29.040,27.290,1645512,45827509.20,6.41,1.49,0.41,0.00,301011,27.44,不复权,正常交易,,,
2022-12-26,301011,28.000,27.630,28.590,27.560,1210512,33446446.56,3.74,-0.79,-0.22,0.00,301011,27.85,不复权,正常交易,,,
2022-12-27,301011,27.640,27.970,28.260,27.000,1565048,43774392.56,4.67,1.23,0.34,0.00,301011,27.63,不复权,正常交易,,,
2022-12-28,301011,27.880,27.410,28.400,26.880,1631586,44721772.26,5.65,-2.00,-0.56,0.00,301011,27.97,不复权,正常交易,,,
2022-12-29,301011,27.410,26.890,28.010,26.880,1454553,39112930.17,4.20,-1.90,-0.52,0.00,301011,27.41,不复权,正常交易,,,
2022-12-30,301011,26.770,27.910,28.100,26.580,1728803,48250891.73,5.72,3.79,1.02,0.00,301011,26.89,不复权,正常交易,,,
2023-01-03,301011,27.990,28.490,28.590,27.710,1574431,44855539.19,3.18,2.08,0.58,0.00,301011,27.91,不复权,正常交易,,,
2023-01-04,301011,28.300,29.300,29.310,28.220,1635000,47905500.00,3.86,2.84,0.81,0.00,301011,28.49,不复权,正常交易,,,
2023-01-05,301011,29.250,29.290,29.660,28.450,1840508,53908479.32,4.25,-0.03,-0.01,0.00,301011,29.30,不复权,正常交易,,,
2023-01-06,301011,28.970,28.580,29.190,28.470,1474637,42145125.46,2.53,-2.42,-0.71,0.00,301011,29.29,不复权,正常交易,,,
2023-01-09,301011,28.600,29.450,30.300,28.580,2154915,63462246.75,6.02,3.04,0.87,0.00,301011,28.58,不复权,正常交易,,,
2023-01-10,301011,29.300,29.260,29.600,28.900,1227468,35915713.68,2.42,-0.65,-0.19,0.00,301011,29.45,不复权,正常交易,,,
2023-01-11,301011,28.800,27.950,28.990,27.800,1905830,53267948.50,4.28,-4.48,-1.31,0.00,301011,29.26,不复权,正常交易,,,
2023-01-12,301011,28.290,27.640,28.290,27.410,1288429,35612177.56,3.21,-1.11,-0.31,0.00,301011,27.95,不复权,正常交易,,,
2023-01-13,301011,27.810,27.800,28.090,27.220,831563,23117451.40,3.20,0.58,0.16,0.00,301011,27.64,不复权,正常交易,,,
2023-01-16,301011,27.600,27.950,28.440,27.320,1507824,42143680.80,4.10,0.54,0.15,0.00,301011,27.80,不复权,正常交易,,,
2023-01-17,301011,27.720,27.240,28.130,27.050,1004866,27372549.84,3.99,-2.54,-0.71,0.00,301011,27.95,不复权,正常交易,,,
2023-01-18,301011,27.110,28.420,28.710,27.110,2059239,58523572.38,5.90,4.33,1.18,0.00,301011,27.24,不复权,正常交易,,,
2023-01-19,301011,28.210,31.600,32.260,28.110,4970565,157069854.00,14.76,11.19,3.18,0.00,301011,28.42,不复权,正常交易,,,
2023-01-20,301011,31.500,30.970,31.950,30.480,2603337,80625346.89,4.82,-1.99,-0.63,0.00,301011,31.60,不复权,正常交易,,,
2023-01-30,301011,31.250,31.900,32.860,30.110,3789545,120886485.50,9.13,3.00,0.93,0.00,301011,30.97,不复权,正常交易,,,
2023-01-31,301011,31.760,33.170,33.690,31.560,4383048,145385702.16,6.75,3.98,1.27,0.00,301011,31.90,不复权,正常交易,,,
2023-02-01,301011,33.040,32.870,33.190,32.310,2460288,80869666.56,2.72,-0.90,-0.30,0.00,301011,33.17,不复权,正常交易,,,
2023-02-02,301011,32.600,33.080,33.550,32.300,1934408,63990216.64,3.87,0.64,0.21,0.00,301011,32.87,不复权,正常交易,,,
2023-02-03,301011,33.180,33.030,33.350,32.420,1896496,62641262.88,2.87,-0.15,-0.05,0.00,301011,33.08,不复权,正常交易,,,
2023-02-06,301011,32.630,32.350,33.890,32.100,1772522,57341086.70,5.58,-2.06,-0.68,0.00,301011,33.03,不复权,正常交易,,,
2023-02-07,301011,32.550,31.950,32.800,31.560,1687246,53907509.70,3.93,-1.24,-0.40,0.00,301011,32.35,不复权,正常交易,,,
2023-02-08,301011,32.280,30.780,32.320,30.490,2438012,75042009.36,6.00,-3.66,-1.17,0.00,301011,31.95,不复权,正常交易,,,
2023-02-09,301011,30.900,31.350,31.570,30.350,1805458,56601108.30,4.02,1.85,0.57,0.00,301011,30.78,不复权,正常交易,,,
2023-02-10,301011,31.450,31.170,31.670,30.830,1178320,36728234.40,2.72,-0.57,-0.18,0.00,301011,31.35,不复权,正常交易,,,
2023-02-13,301011,31.250,31.250,31.380,30.550,1836004,57375125.00,2.72,0.26,0.08,0.00,301011,31.17,不复权,正常交易,,,
2023-02-14,301011,31.500,30.970,31.500,30.610,1207079,37383236.63,2.91,-0.90,-0.28,0.00,301011,31.25,不复权,正常交易,,,
2023-02-15,301011,30.900,31.080,31.440,30.750,1242775,38625447.00,2.24,0.36,0.11,0.00,301011,30.97,不复权,正常交易,,,
2023-02-16,301011,31.080,32.010,33.000,30.950,4224200,135216642.00,6.62,2.99,0.93,0.00,301011,31.08,不复权,正常交易,,,
2023-02-17,301011,32.060,30.840,32.860,30.560,2695476,83128479.84,7.53,-3.66,-1.17,0.00,301011,32.01,不复权,正常交易,,,
2023-02-20,301011,30.600,31.680,31.720,30.000,1584795,50206305.60,5.73,2.72,0.84,0.00,301011,30.84,不复权,正常交易,,,
2023-02-21,301011,31.390,31.270,31.770,30.310,1680279,52542324.33,4.82,-1.29,-0.41,0.00,301011,31.68,不复权,正常交易,,,
2023-02-22,301011,31.000,30.700,31.080,30.510,821788,25228891.60,1.87,-1.82,-0.57,0.00,301011,31.27,不复权,正常交易,,,
2023-02-23,301011,30.700,30.460,30.850,30.270,867930,26437147.80,1.92,-0.78,-0.24,0.00,301011,30.70,不复权,正常交易,,,
2023-02-24,301011,30.460,30.080,30.780,30.030,939932,28273154.56,2.50,-1.25,-0.38,0.00,301011,30.46,不复权,正常交易,,,
2023-02-27,301011,30.000,29.800,30.390,29.700,725059,21606758.20,2.32,-0.93,-0.28,0.00,301011,30.08,不复权,正常交易,,,
2023-02-28,301011,29.810,30.410,30.520,29.810,696861,21191543.01,2.38,2.05,0.61,0.00,301011,29.80,不复权,正常交易,,,
2023-03-01,301011,30.380,30.390,30.580,29.910,1035843,31479268.77,2.24,-0.07,-0.02,0.00,301011,30.41,不复权,正常交易,,,
2023-03-02,301011,30.210,30.260,30.960,29.800,986879,29862958.54,3.89,-0.43,-0.13,0.00,301011,30.39,不复权,正常交易,,,
2023-03-03,301011,30.700,29.750,30.700,29.480,1047111,31151552.25,4.14,-1.69,-0.51,0.00,301011,30.26,不复权,正常交易,,,
2023-03-06,301011,30.000,29.600,30.000,29.090,759170,22471432.00,3.13,-0.50,-0.15,0.00,301011,29.75,不复权,正常交易,,,
2023-03-07,301011,29.660,28.510,29.710,28.510,1042711,29727690.61,4.21,-3.68,-1.09,0.00,301011,29.60,不复权,正常交易,,,
2023-03-08,301011,29.000,29.330,29.650,28.690,1259935,36953893.55,3.35,2.88,0.82,0.00,301011,28.51,不复权,正常交易,,,
2023-03-09,301011,29.190,30.010,30.260,28.810,1400362,42024863.62,5.03,2.32,0.68,0.00,301011,29.33,不复权,正常交易,,,
2023-03-10,301011,29.810,29.300,30.260,29.200,699194,20486384.20,3.63,-2.37,-0.71,0.00,301011,30.01,不复权,正常交易,,,
2023-03-13,301011,29.000,29.890,29.920,28.650,987260,29509201.40,4.43,2.01,0.59,0.00,301011,29.30,不复权,正常交易,,,
2023-03-14,301011,29.610,29.000,30.200,28.820,981251,28456279.00,4.79,-2.98,-0.89,0.00,301011,29.89,不复权,正常交易,,,
2023-03-15,301011,29.210,28.710,29.640,28.630,728290,20909205.90,3.53,-1.00,-0.29,0.00,301011,29.00,不复权,正常交易,,,
2023-03-16,301011,28.690,28.420,28.860,28.280,758685,21561827.70,2.05,-1.01,-0.29,0.00,301011,28.71,不复权,正常交易,,,
2023-03-17,301011,28.710,29.280,29.450,28.520,1067652,31260850.56,3.26,3.03,0.86,0.00,301011,28.42,不复权,正常交易,,,
2023-03-20,301011,30.010,31.240,31.910,29.400,3555479,111073163.96,8.54,6.69,1.96,0.00,301011,29.28,不复权,正常交易,,,
2023-03-21,301011,30.870,31.150,31.620,30.380,2345568,73064443.20,4.08,-0.29,-0.09,0.00,301011,31.24,不复权,正常交易,,,
2023-03-22,301011,30.980,34.310,34.610,30.860,6648088,228095899.28,12.15,10.14,3.16,0.00,301011,31.15,不复权,正常交易,,,
2023-03-23,301011,33.010,32.420,33.200,31.500,5218442,169181889.64,5.40,-5.51,-1.89,0.00,301011,34.31,不复权,正常交易,,,
2023-03-24,301011,32.000,32.000,33.080,31.800,4206472,134607104.00,4.03,-1.30,-0.42,0.00,301011,32.42,不复权,正常交易,,,
2023-03-27,301011,32.000,32.250,32.640,31.020,3394516,109473141.00,5.22,0.78,0.25,0.00,301011,32.00,不复权,正常交易,,,
2023-03-28,301011,31.880,31.550,32.850,31.400,2556866,80669122.30,4.62,-2.17,-0.70,0.00,301011,32.25,不复权,正常交易,,,
2023-03-29,301011,32.000,32.060,32.440,31.200,2208068,70790660.08,3.97,1.62,0.51,0.00,301011,31.55,不复权,正常交易,,,
2023-03-30,301011,32.500,31.450,33.500,31.330,2361331,74263859.95,6.93,-1.90,-0.61,0.00,301011,32.06,不复权,正常交易,,,
2023-03-31,301011,31.110,32.400,32.550,30.750,2904046,94091090.40,5.85,3.02,0.95,0.00,301011,31.45,不复权,正常交易,,,
2023-04-03,301011,31.670,31.980,32.140,31.430,2335805,74699043.90,2.26,-1.30,-0.42,0.00,301011,32.40,不复权,正常交易,,,
2023-04-04,301011,31.880,31.000,32.000,30.860,1893780,58707180.00,3.69,-3.06,-0.98,0.00,301011,31.98,不复权,正常交易,,,
2023-04-06,301011,30.780,30.210,30.880,29.950,1292279,39039748.59,3.11,-2.55,-0.79,0.00,301011,31.00,不复权,正常交易,,,
2023-04-07,301011,30.320,31.280,31.650,30.320,1517313,47461550.64,4.39,3.54,1.07,0.00,301011,30.21,不复权,正常交易,,,
2023-04-10,301011,31.150,30.450,32.000,30.350,1426697,43442923.65,5.44,-2.65,-0.83,0.00,301011,31.28,不复权,正常交易,,,
2023-04-11,301011,30.450,31.170,32.000,30.020,1948060,60721030.20,6.60,2.36,0.72,0.00,301011,30.45,不复权,正常交易,,,
2023-04-12,301011,31.880,32.950,33.230,30.710,3844303,126669783.85,8.21,5.71,1.78,0.00,301011,31.17,不复权,正常交易,,,
2023-04-13,301011,32.950,33.350,34.480,32.950,5159416,172066523.60,4.64,1.21,0.40,0.00,301011,32.95,不复权,正常交易,,,
2023-04-14,301011,33.460,32.800,33.960,32.000,2576982,84525009.60,6.13,-1.65,-0.55,0.00,301011,33.35,不复权,正常交易,,,
2023-04-17,301011,32.670,31.260,32.880,31.120,1948422,60907671.72,5.66,-4.70,-1.54,0.00,301011,32.80,不复权,正常交易,,,
2023-04-18,301011,31.490,30.900,31.540,30.650,1229610,37994949.00,2.90,-1.15,-0.36,0.00,301011,31.26,不复权,正常交易,,,
2023-04-19,301011,30.940,30.760,31.660,30.590,1198220,36857247.20,3.50,-0.45,-0.14,0.00,301011,30.90,不复权,正常交易,,,
2023-04-20,301011,30.660,31.210,31.300,30.500,1095470,34189618.70,2.62,1.46,0.45,0.00,301011,30.76,不复权,正常交易,,,
2023-04-21,301011,31.050,29.220,31.510,28.900,1832630,53549448.60,9.03,-6.38,-1.99,0.00,301011,31.21,不复权,正常交易,,,
2023-04-24,301011,29.220,29.050,29.850,28.800,1481060,43024793.00,3.65,-0.58,-0.17,0.00,301011,29.22,不复权,正常交易,,,
2023-04-25,301011,29.040,27.140,29.190,26.680,1926790,52293080.60,9.41,-6.57,-1.91,0.00,301011,29.05,不复权,正常交易,,,
2023-04-26,301011,27.100,29.070,29.500,26.800,2517548,73185120.36,10.07,7.11,1.93,0.00,301011,27.14,不复权,正常交易,,,
2023-04-27,301011,28.860,28.550,30.100,28.370,2309258,65929315.90,6.10,-1.79,-0.52,0.00,301011,29.07,不复权,正常交易,,,
2023-04-28,301011,28.440,31.340,31.500,28.440,2732370,85632475.80,10.76,9.77,2.79,0.00,301011,28.55,不复权,正常交易,,,
2023-05-04,301011,30.750,31.530,31.870,30.750,1559638,49175386.14,3.64,0.61,0.19,0.00,301011,31.34,不复权,正常交易,,,
2023-05-05,301011,31.540,31.410,31.700,30.640,1848944,58075331.04,3.46,-0.38,-0.12,0.00,301011,31.53,不复权,正常交易,,,
2023-05-08,301011,31.420,31.890,32.660,31.100,2014554,64244127.06,5.02,1.53,0.48,0.00,301011,31.41,不复权,正常交易,,,
2023-05-09,301011,31.520,31.860,32.840,31.410,1940622,61828216.92,4.55,-0.09,-0.03,0.00,301011,31.89,不复权,正常交易,,,
2023-05-10,301011,31.580,32.030,33.040,31.580,1948985,62425989.55,4.62,0.53,0.17,0.00,301011,31.86,不复权,正常交易,,,
2023-05-11,301011,32.130,33.250,34.200,32.130,2534750,84280437.50,6.44,3.81,1.22,0.00,301011,32.03,不复权,正常交易,,,
2023-05-12,301011,34.000,32.910,34.000,32.020,2614722,86050501.02,6.18,-1.02,-0.34,0.00,301011,33.25,不复权,正常交易,,,
2023-05-15,301011,32.830,32.630,33.480,32.000,1650128,53843676.64,4.62,-0.85,-0.28,0.00,301011,32.91,不复权,正常交易,,,
2023-05-16,301011,32.740,32.480,33.680,32.230,1724300,56005264.00,4.50,-0.46,-0.15,0.00,301011,32.63,不复权,正常交易,,,
2023-05-17,301011,31.680,32.950,33.700,31.500,2386578,78637745.10,6.98,1.45,0.47,0.00,301011,32.48,不复权,正常交易,,,
2023-05-18,301011,32.780,33.680,34.300,32.480,2828932,95278429.76,5.60,2.22,0.73,0.00,301011,32.95,不复权,正常交易,,,
2023-05-19,301011,33.990,32.770,33.990,32.500,2308113,75636863.01,4.58,-2.70,-0.91,0.00,301011,33.68,不复权,正常交易,,,
2023-05-22,301011,32.510,32.390,32.970,32.100,1364318,44190260.02,2.71,-1.16,-0.38,0.00,301011,32.77,不复权,正常交易,,,
2023-05-23,301011,32.640,31.520,32.880,31.510,967813,30505465.76,4.35,-2.69,-0.87,0.00,301011,32.39,不复权,正常交易,,,
2023-05-24,301011,31.430,31.100,31.750,31.010,1178467,36650323.70,2.39,-1.33,-0.42,0.00,301011,31.52,不复权,正常交易,,,
2023-05-25,301011,31.240,30.640,31.700,30.310,1602820,49110404.80,4.59,-1.48,-0.46,0.00,301011,31.10,不复权,正常交易,,,
2023-05-26,301011,31.120,30.980,31.350,30.300,1179776,36549460.48,3.47,1.11,0.34,0.00,301011,30.64,不复权,正常交易,,,
2023-05-29,301011,30.980,30.850,31.860,30.210,1641003,50624942.55,5.46,-0.42,-0.13,0.00,301011,30.98,不复权,正常交易,,,
2023-05-30,301011,23.680,24.220,24.230,23.000,2580230,62493170.60,5.35,-21.49,-6.63,0.00,301011,30.85,不复权,正常交易,,,
2023-05-31,301011,24.120,24.490,24.860,23.910,2493402,61063414.98,3.97,1.11,0.27,0.00,301011,24.22,不复权,正常交易,,,
2023-06-01,301011,24.470,25.860,26.450,23.760,4944212,127857322.32,11.32,5.59,1.37,0.00,301011,24.49,不复权,正常交易,,,
2023-06-02,301011,26.100,25.540,27.760,25.460,5876730,150091684.20,9.03,-1.24,-0.32,0.00,301011,25.86,不复权,正常交易,,,
2023-06-05,301011,25.600,26.650,26.830,25.010,5373328,143199191.20,7.28,4.35,1.11,0.00,301011,25.54,不复权,正常交易,,,
2023-06-06,301011,26.500,25.920,26.650,25.710,3858536,100013253.12,3.66,-2.74,-0.73,0.00,301011,26.65,不复权,正常交易,,,
2023-06-07,301011,26.650,26.460,26.700,25.810,3837502,101540302.92,3.45,2.08,0.54,0.00,301011,25.92,不复权,正常交易,,,
2023-06-08,301011,26.000,25.520,26.290,24.950,3388620,86477582.40,5.37,-3.55,-0.94,0.00,301011,26.46,不复权,正常交易,,,
2023-06-09,301011,25.390,25.500,25.880,24.770,3090412,78805506.00,4.48,-0.08,-0.02,0.00,301011,25.52,不复权,正常交易,,,
2023-06-12,301011,25.530,25.090,26.080,24.960,2625603,65876379.27,4.49,-1.61,-0.41,0.00,301011,25.50,不复权,正常交易,,,
2023-06-13,301011,25.030,25.480,25.670,24.910,2007013,51138691.24,3.05,1.55,0.39,0.00,301011,25.09,不复权,正常交易,,,
2023-06-14,301011,25.470,25.800,26.600,25.450,2754602,71068731.60,4.52,1.26,0.32,0.00,301011,25.48,不复权,正常交易,,,
2023-06-15,301011,25.770,25.500,26.270,25.430,1928205,49169227.50,3.30,-1.16,-0.30,0.00,301011,25.80,不复权,正常交易,,,
2023-06-16,301011,25.460,25.640,26.300,25.100,2156564,55294300.96,4.78,0.55,0.14,0.00,301011,25.50,不复权,正常交易,,,
2023-06-19,301011,25.580,26.080,26.270,25.420,2969164,77435797.12,3.34,1.72,0.44,0.00,301011,25.64,不复权,正常交易,,,
2023-06-20,301011,26.090,25.730,26.360,25.720,2524132,64945916.36,2.49,-1.34,-0.35,0.00,301011,26.08,不复权,正常交易,,,
2023-06-21,301011,25.850,24.250,25.850,24.200,3388984,82182862.00,6.82,-5.75,-1.48,0.00,301011,25.73,不复权,正常交易,,,
2023-06-26,301011,24.240,23.980,24.560,23.310,2847126,68274081.48,5.36,-1.11,-0.27,0.00,301011,24.25,不复权,正常交易,,,
2023-06-27,301011,23.980,24.330,24.480,23.610,1522584,37044468.72,3.68,1.46,0.35,0.00,301011,23.98,不复权,正常交易,,,
2023-06-28,301011,24.150,23.320,24.380,22.830,2658890,62005314.80,6.79,-4.15,-1.01,0.00,301011,24.33,不复权,正常交易,,,
2023-06-29,301011,23.140,23.440,23.720,22.950,1934459,45343718.96,3.36,0.51,0.12,0.00,301011,23.32,不复权,正常交易,,,
2023-06-30,301011,23.490,23.430,23.720,23.080,1987360,46563844.80,2.77,-0.04,-0.01,0.00,301011,23.44,不复权,正常交易,,,
2023-07-03,301011,23.440,22.800,23.610,22.500,2231890,50887092.00,4.93,-2.69,-0.63,0.00,301011,23.43,不复权,正常交易,,,
2023-07-04,301011,22.800,22.980,23.020,22.560,1835696,42184294.08,2.04,0.79,0.18,0.00,301011,22.80,不复权,正常交易,,,
2023-07-05,301011,22.950,22.750,23.530,22.650,2395225,54491368.75,3.89,-1.00,-0.23,0.00,301011,22.98,不复权,正常交易,,,
2023-07-06,301011,22.700,22.430,23.000,22.360,1858185,41679089.55,2.86,-1.41,-0.32,0.00,301011,22.75,不复权,正常交易,,,
2023-07-07,301011,22.520,22.270,22.680,21.880,1518568,33818509.36,3.66,-0.71,-0.16,0.00,301011,22.43,不复权,正常交易,,,
2023-07-10,301011,22.650,22.530,22.890,22.110,1394144,31410064.32,3.53,1.17,0.26,0.00,301011,22.27,不复权,正常交易,,,
2023-07-11,301011,22.530,22.610,22.800,22.390,919136,20781664.96,1.83,0.36,0.08,0.00,301011,22.53,不复权,正常交易,,,
2023-07-12,301011,22.610,22.030,22.760,22.000,1107049,24388289.47,3.45,-2.57,-0.58,0.00,301011,22.61,不复权,正常交易,,,
2023-07-13,301011,22.110,22.550,22.590,22.010,1163944,26246937.20,2.64,2.36,0.52,0.00,301011,22.03,不复权,正常交易,,,
2023-07-14,301011,22.550,22.850,23.050,22.420,1671901,38202937.85,2.81,1.33,0.30,0.00,301011,22.55,不复权,正常交易,,,
2023-07-17,301011,22.750,22.660,22.940,22.220,1192657,27025607.62,3.24,-0.83,-0.19,0.00,301011,22.85,不复权,正常交易,,,
2023-07-18,301011,22.740,22.230,22.880,22.140,1037107,23054888.61,3.34,-1.90,-0.43,0.00,301011,22.66,不复权,正常交易,,,
2023-07-19,301011,22.230,22.280,22.540,22.110,685347,15269531.16,1.94,0.22,0.05,0.00,301011,22.23,不复权,正常交易,,,
2023-07-20,301011,22.380,21.860,22.430,21.840,1203050,26298673.00,2.70,-1.89,-0.42,0.00,301011,22.28,不复权,正常交易,,,
2023-07-21,301011,21.930,21.880,22.260,21.610,1026126,22451636.88,3.01,0.09,0.02,0.00,301011,21.86,不复权,正常交易,,,
2023-07-24,301011,21.950,21.920,22.080,21.570,874371,19166212.32,2.36,0.18,0.04,0.00,301011,21.88,不复权,正常交易,,,
2023-07-25,301011,22.180,22.330,22.390,21.810,1541575,34423369.75,2.66,1.87,0.41,0.00,301011,21.92,不复权,正常交易,,,
2023-07-26,301011,22.330,21.870,22.410,21.780,1135829,24840580.23,2.89,-2.06,-0.46,0.00,301011,22.33,不复权,正常交易,,,
2023-07-27,301011,21.870,21.160,22.120,21.150,1546183,32717232.28,4.59,-3.25,-0.71,0.00,301011,21.87,不复权,正常交易,,,
2023-07-28,301011,21.230,21.980,22.070,21.030,2135557,46939542.86,4.95,3.88,0.82,0.00,301011,21.16,不复权,正常交易,,,
2023-07-31,301011,22.120,22.030,22.400,21.560,1983972,43706903.16,3.90,0.23,0.05,0.00,301011,21.98,不复权,正常交易,,,
2023-08-01,301011,21.950,22.000,22.180,21.810,1318510,29007220.00,1.70,-0.14,-0.03,0.00,301011,22.03,不复权,正常交易,,,
2023-08-02,301011,21.950,21.800,22.030,21.630,1199786,26155334.80,1.85,-0.91,-0.20,0.00,301011,22.00,不复权,正常交易,,,
2023-08-03,301011,21.750,21.350,21.930,21.260,1049998,22417457.30,3.15,-2.06,-0.45,0.00,301011,21.80,不复权,正常交易,,,
2023-08-04,301011,21.390,21.410,21.840,21.300,996681,21338940.21,2.54,0.28,0.06,0.00,301011,21.35,不复权,正常交易,,,
2023-08-07,301011,21.320,21.410,21.570,21.110,1051830,22519680.30,2.18,0.00,0.00,0.00,301011,21.41,不复权,正常交易,,,
2023-08-08,301011,21.470,21.480,21.580,21.220,954315,20498686.20,1.70,0.33,0.07,0.00,301011,21.41,不复权,正常交易,,,
2023-08-09,301011,21.480,21.340,21.870,21.250,1388092,29621883.28,2.92,-0.65,-0.14,0.00,301011,21.48,不复权,正常交易,,,
2023-08-10,301011,21.350,22.050,22.180,21.200,2244018,49480596.90,4.62,3.33,0.71,0.00,301011,21.34,不复权,正常交易,,,
2023-08-11,301011,21.990,21.880,22.640,21.860,1758031,38465718.28,3.57,-0.77,-0.17,0.00,301011,22.05,不复权,正常交易,,,
2023-08-14,301011,21.810,21.950,22.070,21.390,1425723,31294619.85,3.18,0.32,0.07,0.00,301011,21.88,不复权,正常交易,,,
2023-08-15,301011,21.870,21.510,22.110,21.400,1008091,21684037.41,3.32,-2.00,-0.44,0.00,301011,21.95,不复权,正常交易,,,
2023-08-16,301011,21.450,21.680,22.600,21.450,2058549,44629342.32,5.36,0.79,0.17,0.00,301011,21.51,不复权,正常交易,,,
2023-08-17,301011,21.530,21.460,21.680,21.060,2128080,45668596.80,2.94,-1.01,-0.22,0.00,301011,21.68,不复权,正常交易,,,
2023-08-18,301011,21.600,20.720,21.600,20.660,1460347,30258389.84,4.55,-3.45,-0.74,0.00,301011,21.46,不复权,正常交易,,,
2023-08-21,301011,20.690,20.520,21.000,20.520,1323495,27158117.40,2.34,-0.97,-0.20,0.00,301011,20.72,不复权,正常交易,,,
2023-08-22,301011,20.660,20.790,21.020,20.130,1256425,26121075.75,4.42,1.32,0.27,0.00,301011,20.52,不复权,正常交易,,,
2023-08-23,301011,20.990,20.430,20.990,20.350,968653,19789580.79,3.14,-1.73,-0.36,0.00,301011,20.79,不复权,正常交易,,,
2023-08-24,301011,20.740,21.230,21.470,20.350,2020064,42885958.72,5.50,3.92,0.80,0.00,301011,20.43,不复权,正常交易,,,
2023-08-25,301011,21.090,20.110,21.380,19.980,1853876,37281446.36,7.01,-5.28,-1.12,0.00,301011,21.23,不复权,正常交易,,,
2023-08-28,301011,21.200,20.530,21.490,20.520,1895170,38907840.10,4.73,2.09,0.42,0.00,301011,20.11,不复权,正常交易,,,
2023-08-29,301011,20.880,21.620,21.620,20.410,1874298,40522322.76,5.93,5.31,1.09,0.00,301011,20.53,不复权,正常交易,,,
2023-08-30,301011,21.560,21.660,22.100,21.520,1357811,29410186.26,2.70,0.19,0.04,0.00,301011,21.62,不复权,正常交易,,,
2023-08-31,301011,21.570,21.650,21.920,21.530,1722838,37299442.70,1.81,-0.05,-0.01,0.00,301011,21.66,不复权,正常交易,,,
2023-09-01,301011,21.660,21.450,21.890,21.380,1258166,26987660.70,2.39,-0.92,-0.20,0.00,301011,21.65,不复权,正常交易,,,
2023-09-04,301011,21.570,20.850,21.850,20.480,2507729,52286149.65,6.69,-2.80,-0.60,0.00,301011,21.45,不复权,正常交易,,,
2023-09-05,301011,20.740,20.660,21.020,20.550,1226980,25349406.80,2.29,-0.91,-0.19,0.00,301011,20.85,不复权,正常交易,,,
2023-09-06,301011,20.620,20.560,20.740,20.370,1312793,26991024.08,1.82,-0.48,-0.10,0.00,301011,20.66,不复权,正常交易,,,
2023-09-07,301011,21.540,24.670,24.670,21.540,8188482,202009850.94,14.53,19.99,4.11,0.00,301011,20.56,不复权,正常交易,,,
2023-09-08,301011,24.690,23.860,24.770,22.800,17389117,414904331.62,8.64,-3.28,-0.81,0.00,301011,24.67,不复权,正常交易,,,
2023-09-11,301011,23.420,23.580,24.510,23.010,11972752,282317492.16,6.52,-1.17,-0.28,0.00,301011,23.86,不复权,正常交易,,,
2023-09-12,301011,22.850,22.380,22.990,21.880,9719639,217525520.82,5.07,-5.09,-1.20,0.00,301011,23.58,不复权,正常交易,,,
2023-09-13,301011,22.110,22.850,23.160,21.650,9593333,219207659.05,6.97,2.10,0.47,0.00,301011,22.38,不复权,正常交易,,,
2023-09-14,301011,22.500,22.840,22.850,21.850,7190814,164238191.76,4.58,-0.04,-0.01,0.00,301011,22.85,不复权,正常交易,,,
2023-09-15,301011,22.220,22.220,22.900,22.060,4984973,110766100.06,3.81,-2.71,-0.62,0.00,301011,22.84,不复权,正常交易,,,
2023-09-18,301011,21.660,22.150,22.860,21.200,5632301,124755467.15,7.83,-0.32,-0.07,0.00,301011,22.22,不复权,正常交易,,,
2023-09-19,301011,22.050,22.800,23.550,21.900,7390999,168514777.20,7.53,2.93,0.65,0.00,301011,22.15,不复权,正常交易,,,
2023-09-20,301011,22.100,21.530,22.750,21.400,6105250,131446032.50,6.31,-5.57,-1.27,0.00,301011,22.80,不复权,正常交易,,,
2023-09-21,301011,21.250,20.900,21.450,20.530,5066711,105894259.90,4.48,-2.93,-0.63,0.00,301011,21.53,不复权,正常交易,,,
2023-09-22,301011,20.700,21.600,21.770,20.380,5284021,114134853.60,6.82,3.35,0.70,0.00,301011,20.90,不复权,正常交易,,,
2023-09-25,301011,22.020,21.230,22.030,20.830,3843782,81603491.86,5.76,-1.71,-0.37,0.00,301011,21.60,不复权,正常交易,,,
2023-09-26,301011,21.260,20.860,21.490,20.840,3151927,65749197.22,3.12,-1.74,-0.37,0.00,301011,21.23,不复权,正常交易,,,
2023-09-27,301011,20.990,20.670,21.200,20.650,2825299,58398930.33,2.66,-0.91,-0.19,0.00,301011,20.86,不复权,正常交易,,,
2023-09-28,301011,20.830,20.940,21.130,20.780,2472893,51782379.42,1.68,1.31,0.27,0.00,301011,20.67,不复权,正常交易,,,
2023-10-09,301011,20.820,20.660,21.000,20.390,3186268,65828296.88,2.99,-1.34,-0.28,0.00,301011,20.94,不复权,正常交易,,,
2023-10-10,301011,20.660,20.660,20.950,20.510,2151901,44458274.66,2.15,0.00,0.00,0.00,301011,20.66,不复权,正常交易,,,
2023-10-11,301011,20.670,20.970,21.350,20.550,3241953,67983754.41,3.89,1.50,0.31,0.00,301011,20.66,不复权,正常交易,,,
2023-10-12,301011,20.960,20.880,21.120,20.680,2123902,44347073.76,2.13,-0.43,-0.09,0.00,301011,20.97,不复权,正常交易,,,
2023-10-13,301011,20.770,20.530,21.080,20.500,1855831,38100210.43,2.83,-1.68,-0.35,0.00,301011,20.88,不复权,正常交易,,,
2023-10-16,301011,20.520,20.000,20.600,19.830,3136034,62720680.00,3.88,-2.58,-0.53,0.00,301011,20.53,不复权,正常交易,,,
2023-10-17,301011,20.140,19.980,20.250,19.830,1673941,33445341.18,2.12,-0.10,-0.02,0.00,301011,20.00,不复权,正常交易,,,
2023-10-18,301011,20.120,19.410,20.120,19.390,2096107,40685436.87,3.76,-2.85,-0.57,0.00,301011,19.98,不复权,正常交易,,,
2023-10-19,301011,19.310,19.350,19.740,19.300,1457795,28208333.25,2.28,-0.31,-0.06,0.00,301011,19.41,不复权,正常交易,,,
2023-10-20,301011,19.350,18.980,19.540,18.930,1611921,30594260.58,3.22,-1.91,-0.37,0.00,301011,19.35,不复权,正常交易,,,
2023-10-23,301011,18.970,18.350,19.130,18.170,2077421,38120675.35,5.28,-3.32,-0.63,0.00,301011,18.98,不复权,正常交易,,,
2023-10-24,301011,18.540,19.170,19.270,18.350,2160776,41422075.92,5.01,4.47,0.82,0.00,301011,18.35,不复权,正常交易,,,
2023-10-25,301011,19.330,19.430,19.660,19.220,1469146,28545506.78,2.29,1.36,0.26,0.00,301011,19.17,不复权,正常交易,,,
2023-10-26,301011,19.480,19.440,19.550,19.190,1243044,24164775.36,1.88,0.05,0.01,0.00,301011,19.43,不复权,正常交易,,,
2023-10-27,301011,19.490,19.730,19.850,19.300,1507254,29738121.42,2.85,1.49,0.29,0.00,301011,19.44,不复权,正常交易,,,
2023-10-30,301011,20.290,20.180,20.720,19.830,2759337,55683420.66,4.49,2.28,0.45,0.00,301011,19.73,不复权,正常交易,,,
2023-10-31,301011,20.260,20.350,20.670,20.160,2076372,42254170.20,2.53,0.84,0.17,0.00,301011,20.18,不复权,正常交易,,,
2023-11-01,301011,20.350,20.950,21.370,20.070,4524576,94789867.20,6.48,2.95,0.60,0.00,301011,20.35,不复权,正常交易,,,
2023-11-02,301011,20.750,21.060,21.470,20.550,4597982,96833500.92,4.48,0.53,0.11,0.00,301011,20.95,不复权,正常交易,,,
2023-11-03,301011,20.790,20.760,21.070,20.300,3843956,79800526.56,3.79,-1.42,-0.30,0.00,301011,21.06,不复权,正常交易,,,
2023-11-06,301011,20.930,21.250,21.310,20.800,2702802,57434542.50,2.45,2.36,0.49,0.00,301011,20.76,不复权,正常交易,,,
2023-11-07,301011,21.100,21.320,21.500,21.060,2240865,47775241.80,2.09,0.33,0.07,0.00,301011,21.25,不复权,正常交易,,,
2023-11-08,301011,21.390,21.580,21.810,21.080,2451976,52913642.08,3.46,1.22,0.26,0.00,301011,21.32,不复权,正常交易,,,
2023-11-09,301011,21.450,21.350,21.780,21.280,1862357,39761321.95,2.35,-1.07,-0.23,0.00,301011,21.58,不复权,正常交易,,,
2023-11-10,301011,21.070,21.170,21.460,21.010,2161771,45764692.07,2.14,-0.84,-0.18,0.00,301011,21.35,不复权,正常交易,,,
2023-11-13,301011,21.210,21.450,21.700,21.210,1971381,42286122.45,2.31,1.32,0.28,0.00,301011,21.17,不复权,正常交易,,,
2023-11-14,301011,21.380,21.440,21.560,21.300,1326488,28439902.72,1.22,-0.05,-0.01,0.00,301011,21.45,不复权,正常交易,,,
2023-11-15,301011,21.600,21.280,21.700,21.270,1610104,34263013.12,2.02,-0.75,-0.16,0.00,301011,21.44,不复权,正常交易,,,
2023-11-16,301011,21.200,21.370,21.530,21.000,1394644,29803542.28,2.52,0.42,0.09,0.00,301011,21.28,不复权,正常交易,,,
2023-11-17,301011,21.530,21.400,21.530,21.080,1105678,23661509.20,2.13,0.14,0.03,0.00,301011,21.37,不复权,正常交易,,,
2023-11-20,301011,21.400,21.550,21.620,21.220,1317258,28386909.90,1.89,0.70,0.15,0.00,301011,21.40,不复权,正常交易,,,
2023-11-21,301011,21.540,21.570,21.730,21.500,1672616,36078327.12,1.07,0.09,0.02,0.00,301011,21.55,不复权,正常交易,,,
2023-11-22,301011,21.420,21.900,22.200,21.410,3365463,73703639.70,3.69,1.53,0.33,0.00,301011,21.57,不复权,正常交易,,,
2023-11-23,301011,21.850,21.600,21.850,21.350,2491458,53815492.80,2.34,-1.37,-0.30,0.00,301011,21.90,不复权,正常交易,,,
2023-11-24,301011,21.560,21.120,22.000,21.100,1879060,39685747.20,4.27,-2.22,-0.48,0.00,301011,21.60,不复权,正常交易,,,
2023-11-27,301011,21.190,20.890,21.290,20.840,1810914,37829993.46,2.16,-1.09,-0.23,0.00,301011,21.12,不复权,正常交易,,,
2023-11-28,301011,20.890,21.160,21.330,20.810,1645984,34829021.44,2.50,1.29,0.27,0.00,301011,20.89,不复权,正常交易,,,
2023-11-29,301011,21.230,21.170,21.450,21.090,1401171,29662790.07,1.71,0.05,0.01,0.00,301011,21.16,不复权,正常交易,,,
2023-11-30,301011,21.170,21.010,21.270,20.700,1140800,23968208.00,2.75,-0.76,-0.16,0.00,301011,21.17,不复权,正常交易,,,
2023-12-01,301011,21.020,21.590,21.700,20.900,2046628,44186698.52,3.83,2.76,0.58,0.00,301011,21.01,不复权,正常交易,,,
2023-12-04,301011,21.480,21.540,21.840,21.470,1754100,37783314.00,1.72,-0.23,-0.05,0.00,301011,21.59,不复权,正常交易,,,
2023-12-05,301011,21.530,21.000,21.820,21.000,1335425,28043925.00,3.90,-2.51,-0.54,0.00,301011,21.54,不复权,正常交易,,,
2023-12-06,301011,21.330,21.570,21.840,20.750,2273820,49046297.40,5.25,2.71,0.57,0.00,301011,21.00,不复权,正常交易,,,
2023-12-07,301011,21.650,22.010,22.190,21.600,3063006,67416762.06,2.73,2.04,0.44,0.00,301011,21.57,不复权,正常交易,,,
2023-12-08,301011,22.010,21.190,22.010,21.170,2329386,49359689.34,3.97,-3.73,-0.82,0.00,301011,22.01,不复权,正常交易,,,
2023-12-11,301011,21.200,21.800,21.830,21.000,2890242,63007275.60,3.95,2.88,0.61,0.00,301011,21.19,不复权,正常交易,,,
2023-12-12,301011,21.930,21.960,22.400,21.740,2660157,58417047.72,3.04,0.73,0.16,0.00,301011,21.80,不复权,正常交易,,,
2023-12-13,301011,22.010,21.510,22.240,21.510,1970354,42382314.54,3.39,-2.05,-0.45,0.00,301011,21.96,不复权,正常交易,,,
2023-12-14,301011,21.600,21.570,21.950,21.480,1966000,42406620.00,2.19,0.28,0.06,0.00,301011,21.51,不复权,正常交易,,,
2023-12-15,301011,21.650,22.500,22.870,21.500,4744479,106750777.50,6.37,4.31,0.93,0.00,301011,21.57,不复权,正常交易,,,
2023-12-18,301011,22.760,22.190,23.130,21.770,5532914,122775361.66,6.25,-1.38,-0.31,0.00,301011,22.50,不复权,正常交易,,,
2023-12-19,301011,21.980,23.500,24.090,21.750,10262883,241177750.50,10.76,5.90,1.31,0.00,301011,22.19,不复权,正常交易,,,
2023-12-20,301011,23.990,22.860,24.450,22.680,8368675,191307910.50,7.80,-2.72,-0.64,0.00,301011,23.50,不复权,正常交易,,,
2023-12-21,301011,22.700,22.630,23.690,22.400,6504903,147205954.89,5.76,-1.01,-0.23,0.00,301011,22.86,不复权,正常交易,,,
2023-12-22,301011,22.920,20.820,23.180,20.440,8301460,172836397.20,13.41,-8.00,-1.81,0.00,301011,22.63,不复权,正常交易,,,
2023-12-25,301011,20.080,21.600,21.890,19.940,6402696,138298233.60,9.78,3.75,0.78,0.00,301011,20.82,不复权,正常交易,,,
2023-12-26,301011,21.660,20.610,21.700,20.450,2950515,60810114.15,6.11,-4.58,-0.99,0.00,301011,21.60,不复权,正常交易,,,
2023-12-27,301011,20.610,20.830,20.950,20.150,2494819,51967079.77,3.97,1.07,0.22,0.00,301011,20.61,不复权,正常交易,,,
2023-12-28,301011,20.710,21.220,21.330,20.450,2201133,46708042.26,4.30,1.87,0.39,0.00,301011,20.83,不复权,正常交易,,,
2023-12-29,301011,21.100,23.400,25.460,21.100,10838096,253611446.40,20.66,10.27,2.18,0.00,301011,21.22,不复权,正常交易,,,
2024-01-02,301011,23.380,23.830,23.970,23.160,8897232,212021038.56,3.50,1.84,0.43,0.00,301011,23.40,不复权,正常交易,,,
2024-01-03,301011,23.440,23.000,23.570,22.570,6185350,142263050.00,4.43,-3.48,-0.83,0.00,301011,23.83,不复权,正常交易,,,
2024-01-04,301011,22.970,22.660,23.070,22.320,3648327,82671089.82,3.36,-1.48,-0.34,0.00,301011,23.00,不复权,正常交易,,,
2024-01-05,301011,22.660,21.900,22.690,21.690,3584784,78506769.60,4.61,-3.35,-0.76,0.00,301011,22.66,不复权,正常交易,,,
2024-01-08,301011,21.950,22.510,23.540,21.720,6027981,135689852.31,8.38,2.79,0.61,0.00,301011,21.90,不复权,正常交易,,,
2024-01-09,301011,22.410,22.540,23.020,22.160,3905557,88031254.78,3.88,0.13,0.03,0.00,301011,22.51,不复权,正常交易,,,
2024-01-10,301011,22.270,21.600,22.390,21.440,2972137,64198159.20,4.43,-4.17,-0.94,0.00,301011,22.54,不复权,正常交易,,,
2024-01-11,301011,21.490,21.960,21.990,21.300,2478302,54423511.92,3.24,1.67,0.36,0.00,301011,21.60,不复权,正常交易,,,
2024-01-12,301011,21.890,21.690,22.420,21.510,2526275,54794904.75,4.23,-1.23,-0.27,0.00,301011,21.96,不复权,正常交易,,,
2024-01-15,301011,21.630,21.650,21.940,21.500,1765671,38226777.15,2.05,-0.18,-0.04,0.00,301011,21.69,不复权,正常交易,,,
2024-01-16,301011,21.660,21.140,21.660,20.790,2967890,62741194.60,4.18,-2.36,-0.51,0.00,301011,21.65,不复权,正常交易,,,
2024-01-17,301011,21.150,20.640,21.290,20.600,2167645,44740192.80,3.35,-2.37,-0.50,0.00,301011,21.14,不复权,正常交易,,,
2024-01-18,301011,20.490,20.960,21.610,20.220,4520495,94749575.20,6.87,1.55,0.32,0.00,301011,20.64,不复权,正常交易,,,
2024-01-19,301011,20.820,21.660,22.850,20.810,8476108,183592499.28,9.80,3.34,0.70,0.00,301011,20.96,不复权,正常交易,,,
2024-01-22,301011,22.680,22.010,24.500,20.700,13466735,296402837.35,18.36,1.62,0.35,0.00,301011,21.66,不复权,正常交易,,,
2024-01-23,301011,21.000,20.820,21.300,19.060,11119765,231513507.30,11.75,-5.41,-1.19,0.00,301011,22.01,不复权,正常交易,,,
2024-01-24,301011,20.470,20.030,21.280,19.440,8851038,177286291.14,9.47,-3.79,-0.79,0.00,301011,20.82,不复权,正常交易,,,
2024-01-25,301011,19.800,20.250,20.480,18.780,8006739,162136464.75,9.05,1.10,0.22,0.00,301011,20.03,不复权,正常交易,,,
2024-01-26,301011,19.790,20.110,21.400,19.560,7807639,157011620.29,9.41,-0.69,-0.14,0.00,301011,20.25,不复权,正常交易,,,
2024-01-29,301011,20.320,19.070,21.150,18.800,6699584,127761066.88,12.50,-5.17,-1.04,0.00,301011,20.11,不复权,正常交易,,,
2024-01-30,301011,17.600,17.790,18.680,17.600,5350625,95187618.75,6.14,-6.71,-1.28,0.00,301011,19.07,不复权,正常交易,,,
2024-01-31,301011,17.910,16.240,17.910,16.180,4817244,78232042.56,10.69,-8.71,-1.55,0.00,301011,17.79,不复权,正常交易,,,
2024-02-01,301011,16.040,15.910,16.800,15.600,3564539,56711815.49,7.69,-2.03,-0.33,0.00,301011,16.24,不复权,正常交易,,,
2024-02-02,301011,16.010,15.680,17.300,14.930,4738500,74299680.00,15.87,-1.45,-0.23,0.00,301011,15.91,不复权,正常交易,,,
2024-02-05,301011,15.400,13.300,15.400,13.200,5193563,69074387.90,16.67,-15.18,-2.38,0.00,301011,15.68,不复权,正常交易,,,
2024-02-06,301011,12.460,13.530,13.920,11.800,5729359,77518227.27,17.97,1.73,0.23,0.00,301011,13.30,不复权,正常交易,,,
2024-02-07,301011,13.490,12.080,13.720,11.900,6676908,80657048.64,15.29,-10.72,-1.45,0.00,301011,13.53,不复权,正常交易,,,
2024-02-08,301011,12.380,13.720,13.850,11.930,6046306,82955318.32,16.09,13.58,1.64,0.00,301011,12.08,不复权,正常交易,,,
2024-02-19,301011,13.840,14.600,14.790,13.820,5826528,85067308.80,7.02,6.41,0.88,0.00,301011,13.72,不复权,正常交易,,,
2024-02-20,301011,14.820,14.790,15.030,14.300,3625589,53622461.31,5.10,1.30,0.19,0.00,301011,14.60,不复权,正常交易,,,
2024-02-21,301011,14.700,15.280,15.640,14.340,4316671,65958732.88,9.07,3.31,0.49,0.00,301011,14.79,不复权,正常交易,,,
2024-02-22,301011,15.300,15.750,15.880,15.200,3224542,50786536.50,4.47,3.08,0.47,0.00,301011,15.28,不复权,正常交易,,,
2024-02-23,301011,15.800,16.590,16.600,15.610,3721309,61736516.31,6.34,5.33,0.84,0.00,301011,15.75,不复权,正常交易,,,
2024-02-26,301011,16.700,16.750,17.070,16.100,3921880,65691490.00,6.02,0.96,0.16,0.00,301011,16.59,不复权,正常交易,,,
2024-02-27,301011,16.600,17.100,17.100,16.200,3025830,51741693.00,5.56,2.09,0.35,0.00,301011,16.75,不复权,正常交易,,,
2024-02-28,301011,17.500,15.220,17.680,15.160,6068917,92368916.74,16.62,-10.99,-1.88,0.00,301011,17.10,不复权,正常交易,,,
2024-02-29,301011,15.000,15.820,15.960,14.700,4386923,69401121.86,8.57,3.94,0.60,0.00,301011,15.22,不复权,正常交易,,,
2024-03-01,301011,15.870,16.150,16.200,15.620,3308072,53425362.80,3.71,2.09,0.33,0.00,301011,15.82,不复权,正常交易,,,
2024-03-04,301011,16.150,16.610,16.690,15.990,3713682,61684258.02,4.38,2.85,0.46,0.00,301011,16.15,不复权,正常交易,,,
2024-03-05,301011,16.490,16.100,16.650,16.080,2656628,42771710.80,3.54,-3.07,-0.51,0.00,301011,16.61,不复权,正常交易,,,
2024-03-06,301011,16.210,16.080,16.400,15.890,2079339,33435771.12,3.21,-0.12,-0.02,0.00,301011,16.10,不复权,正常交易,,,
2024-03-07,301011,16.250,15.610,16.400,15.600,2608742,40722462.62,5.13,-2.92,-0.47,0.00,301011,16.08,不复权,正常交易,,,
2024-03-08,301011,15.610,16.180,16.290,15.590,3412030,55206645.40,4.49,3.65,0.57,0.00,301011,15.61,不复权,正常交易,,,
2024-03-11,301011,15.940,16.220,16.270,15.660,2800184,45418984.48,3.90,0.25,0.04,0.00,301011,16.18,不复权,正常交易,,,
2024-03-12,301011,16.200,16.730,16.750,16.200,3400974,56898295.02,3.40,3.14,0.51,0.00,301011,16.22,不复权,正常交易,,,
2024-03-13,301011,16.700,16.870,17.000,16.430,3886578,65566570.86,3.47,0.84,0.14,0.00,301011,16.73,不复权,正常交易,,,
2024-03-14,301011,16.860,16.730,17.000,16.570,3423627,57277279.71,2.60,-0.83,-0.14,0.00,301011,16.87,不复权,正常交易,,,
2024-03-15,301011,16.730,17.000,17.050,16.500,3068289,52160913.00,3.33,1.61,0.27,0.00,301011,16.73,不复权,正常交易,,,
2024-03-18,301011,17.230,17.440,17.440,16.770,2919303,50912644.32,4.00,2.59,0.44,0.00,301011,17.00,不复权,正常交易,,,
2024-03-19,301011,17.200,17.260,17.600,17.050,3103777,53571191.02,3.23,-1.03,-0.18,0.00,301011,17.44,不复权,正常交易,,,
2024-03-20,301011,17.200,17.650,17.700,17.160,3281404,57916780.60,3.15,2.26,0.39,0.00,301011,17.26,不复权,正常交易,,,
2024-03-21,301011,17.700,17.580,18.040,17.400,2492123,43811522.34,3.68,-0.40,-0.07,0.00,301011,17.65,不复权,正常交易,,,
2024-03-22,301011,17.440,17.450,17.750,17.070,2845525,49654411.25,3.98,-0.74,-0.13,0.00,301011,17.58,不复权,正常交易,,,
2024-03-25,301011,17.430,16.800,17.600,16.690,3028572,50880009.60,5.45,-3.72,-0.65,0.00,301011,17.45,不复权,正常交易,,,
2024-03-26,301011,16.760,16.660,16.980,16.320,2112933,35201463.78,4.04,-0.83,-0.14,0.00,301011,16.80,不复权,正常交易,,,
2024-03-27,301011,16.670,15.910,16.680,15.900,2473255,39349487.05,4.91,-4.50,-0.75,0.00,301011,16.66,不复权,正常交易,,,
2024-03-28,301011,15.910,16.450,16.740,15.680,2096246,34483246.70,6.76,3.39,0.54,0.00,301011,15.91,不复权,正常交易,,,
2024-03-29,301011,16.450,16.400,16.620,16.030,1974747,32385850.80,3.68,-0.30,-0.05,0.00,301011,16.45,不复权,正常交易,,,
2024-04-01,301011,16.440,17.250,17.260,16.440,2726970,47040232.50,4.99,5.18,0.85,0.00,301011,16.40,不复权,正常交易,,,
2024-04-02,301011,17.250,16.910,17.500,16.800,2107917,35644876.47,4.17,-1.97,-0.34,0.00,301011,17.25,不复权,正常交易,,,
2024-04-03,301011,16.980,16.560,17.000,16.300,1739676,28809034.56,4.29,-2.07,-0.35,0.00,301011,16.91,不复权,正常交易,,,
2024-04-08,301011,16.560,15.890,16.560,15.860,1969794,31300026.66,4.41,-4.05,-0.67,0.00,301011,16.56,不复权,正常交易,,,
2024-04-09,301011,15.890,16.260,16.300,15.770,1260038,20488217.88,3.36,2.33,0.37,0.00,301011,15.89,不复权,正常交易,,,
2024-04-10,301011,16.170,15.460,16.170,15.290,2014207,31139640.22,5.76,-4.92,-0.80,0.00,301011,16.26,不复权,正常交易,,,
2024-04-11,301011,15.510,15.540,15.950,15.340,1425735,22155921.90,3.98,0.52,0.08,0.00,301011,15.46,不复权,正常交易,,,
2024-04-12,301011,15.590,15.450,15.750,15.340,1296500,20030925.00,2.67,-0.58,-0.09,0.00,301011,15.54,不复权,正常交易,,,
2024-04-15,301011,15.220,14.420,15.550,14.000,2971364,42847068.88,11.07,-6.67,-1.03,0.00,301011,15.45,不复权,正常交易,,,
2024-04-16,301011,14.010,12.910,14.120,12.900,3216499,41525002.09,9.46,-10.47,-1.51,0.00,301011,14.42,不复权,正常交易,,,
2024-04-17,301011,13.120,14.180,14.300,13.120,2424987,34386315.66,8.99,9.84,1.27,0.00,301011,12.91,不复权,正常交易,,,
2024-04-18,301011,14.180,14.060,14.400,13.720,1912202,26885560.12,4.96,-0.85,-0.12,0.00,301011,14.18,不复权,正常交易,,,
2024-04-19,301011,13.940,13.770,14.050,13.600,1590356,21899202.12,3.31,-2.06,-0.29,0.00,301011,14.06,不复权,正常交易,,,
2024-04-22,301011,13.720,13.910,14.200,13.230,2004975,27889202.25,7.33,1.02,0.14,0.00,301011,13.77,不复权,正常交易,,,
2024-04-23,301011,14.240,14.280,14.440,13.900,1620277,23137555.56,3.88,2.66,0.37,0.00,301011,13.91,不复权,正常交易,,,
2024-04-24,301011,14.510,14.680,14.710,14.360,1395119,20480346.92,2.44,2.80,0.40,0.00,301011,14.28,不复权,正常交易,,,
2024-04-25,301011,14.720,14.640,14.870,14.550,1717705,25147201.20,2.20,-0.27,-0.04,0.00,301011,14.68,不复权,正常交易,,,
2024-04-26,301011,15.440,15.680,16.060,15.260,3858198,60496544.64,5.24,7.10,1.04,0.00,301011,14.64,不复权,正常交易,,,
2024-04-29,301011,15.660,16.470,16.690,15.390,5453020,89811239.40,8.45,5.04,0.79,0.00,301011,15.68,不复权,正常交易,,,
2024-04-30,301011,16.270,16.180,16.490,15.940,3241325,52444638.50,3.45,-1.76,-0.29,0.00,301011,16.47,不复权,正常交易,,,
2024-05-06,301011,16.880,16.610,16.980,16.360,3373846,56039582.06,3.79,2.66,0.43,0.00,301011,16.18,不复权,正常交易,,,
2024-05-07,301011,16.570,16.750,17.000,16.500,2111131,35361444.25,3.03,0.84,0.14,0.00,301011,16.61,不复权,正常交易,,,
2024-05-08,301011,17.060,16.570,17.060,16.510,1799088,29810888.16,3.33,-1.07,-0.18,0.00,301011,16.75,不复权,正常交易,,,
2024-05-09,301011,16.500,16.930,17.030,16.300,2533496,42892087.28,4.48,2.17,0.36,0.00,301011,16.57,不复权,正常交易,,,
2024-05-10,301011,16.930,16.760,16.990,16.680,1801248,30188916.48,1.86,-1.00,-0.17,0.00,301011,16.93,不复权,正常交易,,,
2024-05-13,301011,16.610,16.280,16.610,16.000,1570947,25575017.16,3.81,-2.86,-0.48,0.00,301011,16.76,不复权,正常交易,,,
2024-05-14,301011,16.430,17.350,17.810,16.390,4393215,76222280.25,8.66,6.57,1.07,0.00,301011,16.28,不复权,正常交易,,,
2024-05-15,301011,17.280,16.890,17.370,16.780,2534946,42815237.94,3.52,-2.65,-0.46,0.00,301011,17.35,不复权,正常交易,,,
2024-05-16,301011,17.020,16.710,17.250,16.650,1793116,29962968.36,3.60,-1.07,-0.18,0.00,301011,16.89,不复权,正常交易,,,
2024-05-17,301011,16.680,16.970,17.000,16.350,1593548,27042509.56,3.98,1.56,0.26,0.00,301011,16.71,不复权,正常交易,,,
2024-05-20,301011,16.880,17.080,17.190,16.550,1995094,34076205.52,3.87,0.65,0.11,0.00,301011,16.97,不复权,正常交易,,,
2024-05-21,301011,17.080,16.960,17.180,16.800,1227454,20817619.84,2.26,-0.70,-0.12,0.00,301011,17.08,不复权,正常交易,,,
2024-05-22,301011,16.860,17.290,17.420,16.800,2015289,34844346.81,3.69,1.95,0.33,0.00,301011,16.96,不复权,正常交易,,,
2024-05-23,301011,17.230,16.820,17.230,16.780,1493682,25123731.24,2.68,-2.72,-0.47,0.00,301011,17.29,不复权,正常交易,,,
2024-05-24,301011,16.970,17.060,17.210,16.610,1508060,25727503.60,3.61,1.43,0.24,0.00,301011,16.82,不复权,正常交易,,,
2024-05-27,301011,17.500,17.020,17.870,16.740,2397965,40813364.30,6.75,-0.23,-0.04,0.00,301011,17.06,不复权,正常交易,,,
2024-05-28,301011,16.860,16.750,17.000,16.510,2225180,37271765.00,2.97,-1.59,-0.27,0.00,301011,17.02,不复权,正常交易,,,
2024-05-29,301011,16.700,16.880,17.060,16.650,1280269,21610940.72,2.46,0.78,0.13,0.00,301011,16.75,不复权,正常交易,,,
2024-05-30,301011,16.890,16.580,17.090,16.530,1721167,28536948.86,3.39,-1.78,-0.30,0.00,301011,16.88,不复权,正常交易,,,
2024-05-31,301011,16.650,16.480,16.780,16.310,2396776,39498868.48,2.88,-0.60,-0.10,0.00,301011,16.58,不复权,正常交易,,,
2024-06-03,301011,16.410,16.270,16.620,16.090,1643994,26747782.38,3.29,-1.27,-0.21,0.00,301011,16.48,不复权,正常交易,,,
2024-06-04,301011,16.290,16.090,16.290,15.460,1664955,26789125.95,5.37,-1.11,-0.18,0.00,301011,16.27,不复权,正常交易,,,
2024-06-05,301011,15.930,15.770,15.970,15.520,1190108,18768003.16,2.90,-1.99,-0.32,0.00,301011,16.09,不复权,正常交易,,,
2024-06-06,301011,15.650,14.820,15.860,14.720,2148923,31847038.86,7.74,-6.02,-0.95,0.00,301011,15.77,不复权,正常交易,,,
2024-06-07,301011,14.970,15.310,15.490,14.950,1829531,28010119.61,3.61,3.31,0.49,0.00,301011,14.82,不复权,正常交易,,,
2024-06-11,301011,15.350,15.350,15.440,14.700,1534207,23550077.45,5.03,0.26,0.04,0.00,301011,15.31,不复权,正常交易,,,
2024-06-12,301011,15.300,15.690,15.800,15.280,1521809,23877183.21,3.40,2.21,0.34,0.00,301011,15.35,不复权,正常交易,,,
2024-06-13,301011,15.740,15.730,15.900,15.200,1083260,17039679.80,4.61,0.25,0.04,0.00,301011,15.69,不复权,正常交易,,,
2024-06-14,301011,15.630,15.540,15.830,15.420,1028958,15990007.32,2.66,-1.21,-0.19,0.00,301011,15.73,不复权,正常交易,,,
2024-06-17,301011,15.920,15.360,15.920,15.330,1566526,24061839.36,3.85,-1.16,-0.18,0.00,301011,15.54,不复权,正常交易,,,
2024-06-18,301011,15.320,15.520,15.580,15.100,1239905,19243325.60,3.18,1.04,0.16,0.00,301011,15.36,不复权,正常交易,,,
2024-06-19,301011,15.570,15.280,15.630,15.250,1118881,17096501.68,2.49,-1.55,-0.24,0.00,301011,15.52,不复权,正常交易,,,
2024-06-20,301011,15.440,14.910,15.440,14.850,1324931,19754721.21,3.97,-2.42,-0.37,0.00,301011,15.28,不复权,正常交易,,,
2024-06-21,301011,14.900,14.810,14.990,14.580,863935,12794877.35,2.81,-0.67,-0.10,0.00,301011,14.91,不复权,正常交易,,,
2024-06-24,301011,14.630,14.390,14.790,14.120,1439359,20712376.01,4.75,-2.84,-0.42,0.00,301011,14.81,不复权,正常交易,,,
2024-06-25,301011,14.210,14.340,14.580,14.150,1078655,15467912.70,3.04,-0.35,-0.05,0.00,301011,14.39,不复权,正常交易,,,
2024-06-26,301011,14.190,15.100,15.100,14.190,1471210,22215271.00,6.41,5.30,0.76,0.00,301011,14.34,不复权,正常交易,,,
2024-06-27,301011,14.770,14.960,15.500,14.770,1719288,25720548.48,4.94,-0.93,-0.14,0.00,301011,15.10,不复权,正常交易,,,
2024-06-28,301011,14.840,15.410,15.560,14.790,2035948,31373958.68,5.21,3.01,0.45,0.00,301011,14.96,不复权,正常交易,,,
2024-07-01,301011,15.310,15.680,15.820,15.300,2247878,35246727.04,3.40,1.75,0.27,0.00,301011,15.41,不复权,正常交易,,,
2024-07-02,301011,15.760,15.960,16.100,15.690,1516411,24201919.56,2.61,1.79,0.28,0.00,301011,15.68,不复权,正常交易,,,
2024-07-03,301011,15.960,15.890,16.120,15.840,1267400,20138986.00,1.77,-0.44,-0.07,0.00,301011,15.96,不复权,正常交易,,,
2024-07-04,301011,15.890,15.410,15.960,15.350,1366148,21052340.68,3.97,-3.02,-0.48,0.00,301011,15.89,不复权,正常交易,,,
2024-07-05,301011,15.340,15.670,15.690,15.270,1061831,16638891.77,2.75,1.69,0.26,0.00,301011,15.41,不复权,正常交易,,,
2024-07-08,301011,15.680,15.000,15.780,14.910,1428603,21429045.00,5.84,-4.28,-0.67,0.00,301011,15.67,不复权,正常交易,,,
2024-07-09,301011,15.000,15.010,15.300,14.550,1528973,22949884.73,5.15,0.07,0.01,0.00,301011,15.00,不复权,正常交易,,,
2024-07-10,301011,15.000,14.880,15.210,14.720,1418414,21106000.32,3.33,-0.87,-0.13,0.00,301011,15.01,不复权,正常交易,,,
2024-07-11,301011,15.100,15.530,15.650,15.030,1612211,25037636.83,4.13,4.37,0.65,0.00,301011,14.88,不复权,正常交易,,,
2024-07-12,301011,15.510,15.390,15.740,15.310,1064284,16379330.76,2.81,-0.90,-0.14,0.00,301011,15.53,不复权,正常交易,,,
2024-07-15,301011,15.570,14.900,15.570,14.760,1332700,19857230.00,5.49,-3.18,-0.49,0.00,301011,15.39,不复权,正常交易,,,
2024-07-16,301011,14.870,14.650,14.970,14.420,1489589,21822478.85,3.81,-1.68,-0.25,0.00,301011,14.90,不复权,正常交易,,,
2024-07-17,301011,14.650,14.480,14.800,14.460,965794,13984697.12,2.35,-1.16,-0.17,0.00,301011,14.65,不复权,正常交易,,,
2024-07-18,301011,14.300,14.350,14.420,13.950,1174091,16848205.85,3.37,-0.90,-0.13,0.00,301011,14.48,不复权,正常交易,,,
2024-07-19,301011,14.320,14.290,14.490,14.060,1086886,15531600.94,3.06,-0.42,-0.06,0.00,301011,14.35,不复权,正常交易,,,
2024-07-22,301011,14.300,14.470,14.560,14.220,1006966,14570798.02,2.39,1.26,0.18,0.00,301011,14.29,不复权,正常交易,,,
2024-07-23,301011,14.550,14.110,14.560,14.100,925080,13052878.80,3.26,-2.49,-0.36,0.00,301011,14.47,不复权,正常交易,,,
2024-07-24,301011,14.050,13.800,14.160,13.700,1534497,21176058.60,3.36,-2.20,-0.31,0.00,301011,14.11,不复权,正常交易,,,
2024-07-25,301011,14.010,13.770,14.020,13.350,1180928,16261378.56,5.02,-0.22,-0.03,0.00,301011,13.80,不复权,正常交易,,,
2024-07-26,301011,13.860,14.170,14.210,13.720,1131895,16038952.15,3.57,2.90,0.40,0.00,301011,13.77,不复权,正常交易,,,
2024-07-29,301011,14.150,14.110,14.390,13.860,1184078,16707340.58,3.82,-0.42,-0.06,0.00,301011,14.17,不复权,正常交易,,,
2024-07-30,301011,14.030,14.030,14.210,13.940,1085895,15235106.85,1.94,-0.57,-0.08,0.00,301011,14.11,不复权,正常交易,,,
2024-07-31,301011,14.000,14.470,14.550,13.920,1421800,20573446.00,4.53,3.14,0.44,0.00,301011,14.03,不复权,正常交易,,,
2024-08-01,301011,14.510,14.120,14.640,14.070,2499104,35287348.48,4.05,-2.42,-0.35,0.00,301011,14.47,不复权,正常交易,,,
2024-08-02,301011,14.110,13.870,14.220,13.780,1376584,19093220.08,3.19,-1.77,-0.25,0.00,301011,14.12,不复权,正常交易,,,
2024-08-05,301011,13.780,13.570,14.250,13.540,1971999,26760026.43,5.24,-2.16,-0.30,0.00,301011,13.87,不复权,正常交易,,,
2024-08-06,301011,13.830,14.160,14.310,13.780,1978861,28020671.76,3.85,4.35,0.59,0.00,301011,13.57,不复权,正常交易,,,
2024-08-07,301011,14.150,14.070,14.260,13.970,1458031,20514496.17,2.08,-0.64,-0.09,0.00,301011,14.16,不复权,正常交易,,,
2024-08-08,301011,14.000,13.780,14.110,13.580,1504167,20727421.26,3.90,-2.06,-0.29,0.00,301011,14.07,不复权,正常交易,,,
2024-08-09,301011,13.880,13.610,14.020,13.580,1013884,13798961.24,3.24,-1.23,-0.17,0.00,301011,13.78,不复权,正常交易,,,
2024-08-12,301011,13.440,13.500,13.730,13.350,1067569,14412181.50,2.85,-0.81,-0.11,0.00,301011,13.61,不复权,正常交易,,,
2024-08-13,301011,13.490,13.540,13.640,13.320,1075000,14555500.00,2.40,0.30,0.04,0.00,301011,13.50,不复权,正常交易,,,
2024-08-14,301011,13.590,13.870,13.970,13.450,1673177,23206964.99,3.87,2.44,0.33,0.00,301011,13.54,不复权,正常交易,,,
2024-08-15,301011,13.770,14.550,14.930,13.580,3925363,57114031.65,9.94,4.90,0.68,0.00,301011,13.87,不复权,正常交易,,,
2024-08-16,301011,14.470,14.670,14.850,14.400,3580575,52527035.25,3.12,0.82,0.12,0.00,301011,14.55,不复权,正常交易,,,
2024-08-19,301011,14.400,14.130,14.580,14.000,2431890,34362605.70,4.14,-3.68,-0.54,0.00,301011,14.67,不复权,正常交易,,,
2024-08-20,301011,14.320,14.730,15.200,13.870,6265121,92285232.33,9.59,4.25,0.60,0.00,301011,14.13,不复权,正常交易,,,
2024-08-21,301011,14.400,14.600,15.350,14.360,5981148,87324760.80,6.89,-0.88,-0.13,0.00,301011,14.73,不复权,正常交易,,,
2024-08-22,301011,14.580,15.000,16.800,14.330,9207786,138116790.00,17.24,2.74,0.40,0.00,301011,14.60,不复权,正常交易,,,
2024-08-23,301011,15.010,14.220,15.060,14.000,6826417,97071649.74,7.57,-5.20,-0.78,0.00,301011,15.00,不复权,正常交易,,,
2024-08-26,301011,13.980,15.050,15.400,13.620,7524933,113250241.65,13.07,5.84,0.83,0.00,301011,14.22,不复权,正常交易,,,
2024-08-27,301011,15.000,14.900,15.730,14.610,6772489,100910086.10,7.67,-1.00,-0.15,0.00,301011,15.05,不复权,正常交易,,,
2024-08-28,301011,15.520,17.880,17.880,14.900,16945606,302987435.28,20.00,20.00,2.98,0.00,301011,14.90,不复权,正常交易,,,
2024-08-29,301011,17.720,18.650,19.890,16.620,21352930,398232144.50,19.68,4.31,0.77,0.00,301011,17.88,不复权,正常交易,,,
2024-08-30,301011,17.100,18.280,18.560,17.100,15502158,283379448.24,8.54,-1.98,-0.37,0.00,301011,18.65,不复权,正常交易,,,
2024-09-02,301011,17.730,17.160,17.980,17.010,9871541,169395643.56,5.70,-6.13,-1.12,0.00,301011,18.28,不复权,正常交易,,,
2024-09-03,301011,17.000,17.050,17.160,16.490,8252957,140712916.85,4.06,-0.64,-0.11,0.00,301011,17.16,不复权,正常交易,,,
2024-09-04,301011,16.700,16.100,16.770,15.910,8422704,135605534.40,5.41,-5.57,-0.95,0.00,301011,17.05,不复权,正常交易,,,
2024-09-05,301011,16.000,16.220,16.260,15.810,5471170,88742377.40,2.85,0.75,0.12,0.00,301011,16.10,不复权,正常交易,,,
2024-09-06,301011,16.140,15.430,16.190,15.340,5686878,87748527.54,5.54,-4.87,-0.79,0.00,301011,16.22,不复权,正常交易,,,
2024-09-09,301011,15.230,15.540,15.600,15.060,3246424,50449428.96,3.59,0.71,0.11,0.00,301011,15.43,不复权,正常交易,,,
2024-09-10,301011,15.500,15.650,15.650,15.090,3937582,61623158.30,3.71,0.71,0.11,0.00,301011,15.54,不复权,正常交易,,,
2024-09-11,301011,15.550,15.210,15.730,15.090,3616201,55002417.21,4.24,-2.81,-0.44,0.00,301011,15.65,不复权,正常交易,,,
2024-09-12,301011,15.220,15.060,15.420,15.030,3301787,49724912.22,2.59,-0.99,-0.15,0.00,301011,15.21,不复权,正常交易,,,
2024-09-13,301011,15.200,14.640,15.280,14.640,3401769,49801898.16,4.37,-2.79,-0.42,0.00,301011,15.06,不复权,正常交易,,,
2024-09-18,301011,14.580,14.630,14.830,14.380,2600215,38041145.45,3.13,-0.07,-0.01,0.00,301011,14.64,不复权,正常交易,,,
2024-09-19,301011,14.770,14.890,15.070,14.660,2754300,41011527.00,2.80,1.78,0.26,0.00,301011,14.63,不复权,正常交易,,,
2024-09-20,301011,14.960,14.720,15.030,14.620,2116974,31161857.28,2.80,-1.14,-0.17,0.00,301011,14.89,不复权,正常交易,,,
2024-09-23,301011,14.760,14.970,15.570,14.570,4084611,61146626.67,6.86,1.70,0.25,0.00,301011,14.72,不复权,正常交易,,,
2024-09-24,301011,15.100,15.290,15.340,14.550,4582912,70072724.48,5.43,2.14,0.32,0.00,301011,14.97,不复权,正常交易,,,
2024-09-25,301011,15.330,15.250,15.730,15.230,5869361,89507755.25,3.28,-0.26,-0.04,0.00,301011,15.29,不复权,正常交易,,,
2024-09-26,301011,15.260,15.680,15.680,15.120,5375296,84284641.28,3.70,2.82,0.43,0.00,301011,15.25,不复权,正常交易,,,
2024-09-27,301011,15.920,16.660,17.250,15.690,8962849,149321064.34,9.94,6.25,0.98,0.00,301011,15.68,不复权,正常交易,,,
2024-09-30,301011,17.210,19.650,19.990,16.830,10737842,210998595.30,18.78,17.95,2.99,0.00,301011,16.66,不复权,正常交易,,,
2024-10-08,301011,23.000,22.950,23.200,20.510,10541367,241924372.65,13.12,16.79,3.30,0.00,301011,19.65,不复权,正常交易,,,
2024-10-09,301011,21.990,19.200,21.990,19.050,8700091,167041747.20,15.43,-16.34,-3.75,0.00,301011,22.95,不复权,正常交易,,,
2024-10-10,301011,19.220,19.300,20.470,19.170,5357702,103403648.60,6.78,0.52,0.10,0.00,301011,19.20,不复权,正常交易,,,
2024-10-11,301011,19.350,18.080,19.500,17.800,4211410,76142292.80,9.55,-6.32,-1.22,0.00,301011,19.30,不复权,正常交易,,,
2024-10-14,301011,18.600,18.790,18.850,17.910,3028555,56906548.45,5.25,3.93,0.71,0.00,301011,18.08,不复权,正常交易,,,
2024-10-15,301011,18.780,19.070,19.720,18.410,5574219,106300356.33,7.12,1.49,0.28,0.00,301011,18.79,不复权,正常交易,,,
2024-10-16,301011,19.350,20.080,20.600,19.110,6475841,130034887.28,7.80,5.30,1.01,0.00,301011,19.07,不复权,正常交易,,,
2024-10-17,301011,20.200,19.810,20.980,19.740,6926488,137213727.28,6.28,-1.34,-0.27,0.00,301011,20.08,不复权,正常交易,,,
2024-10-18,301011,19.560,20.200,20.580,19.560,7529280,152091456.00,5.21,1.97,0.39,0.00,301011,19.81,不复权,正常交易,,,
2024-10-21,301011,20.500,20.940,21.260,20.300,7978256,167064680.64,4.73,3.66,0.74,0.00,301011,20.20,不复权,正常交易,,,
2024-10-22,301011,21.350,21.100,21.880,20.610,6242513,131717024.30,6.16,0.76,0.16,0.00,301011,20.94,不复权,正常交易,,,
2024-10-23,301011,21.000,20.280,21.320,20.220,5968076,121032581.28,5.44,-3.89,-0.82,0.00,301011,21.10,不复权,正常交易,,,
2024-10-24,301011,20.200,20.510,20.630,20.100,3237917,66409677.67,2.64,1.13,0.23,0.00,301011,20.28,不复权,正常交易,,,
2024-10-25,301011,20.580,20.820,21.380,20.360,4074310,84827134.20,5.01,1.51,0.31,0.00,301011,20.51,不复权,正常交易,,,
2024-10-28,301011,20.800,21.390,21.400,20.590,4496047,96170445.33,3.93,2.74,0.57,0.00,301011,20.82,不复权,正常交易,,,
2024-10-29,301011,21.890,20.620,22.200,20.500,5578223,115022958.26,8.29,-3.60,-0.77,0.00,301011,21.39,不复权,正常交易,,,
2024-10-30,301011,20.510,20.480,21.110,20.100,4781079,97916497.92,5.02,-0.68,-0.14,0.00,301011,20.62,不复权,正常交易,,,
2024-10-31,301011,20.270,20.480,20.850,20.180,3792702,77674536.96,3.32,0.00,0.00,0.00,301011,20.48,不复权,正常交易,,,
2024-11-01,301011,20.480,19.040,20.640,19.040,4145008,78920952.32,8.40,-7.03,-1.44,0.00,301011,20.48,不复权,正常交易,,,
2024-11-04,301011,18.960,19.760,19.950,18.960,3858059,76235245.84,5.22,3.78,0.72,0.00,301011,19.04,不复权,正常交易,,,
2024-11-05,301011,19.980,20.180,20.250,19.670,3410473,68823345.14,2.95,2.13,0.42,0.00,301011,19.76,不复权,正常交易,,,
2024-11-06,301011,20.190,20.260,20.610,19.930,3745198,75877711.48,3.41,0.40,0.08,0.00,301011,20.18,不复权,正常交易,,,
2024-11-07,301011,20.090,20.490,20.500,19.990,3194797,65461390.53,2.55,1.14,0.23,0.00,301011,20.26,不复权,正常交易,,,
2024-11-08,301011,20.690,20.260,20.940,20.080,3652736,74004431.36,4.28,-1.12,-0.23,0.00,301011,20.49,不复权,正常交易,,,
2024-11-11,301011,20.080,20.790,20.800,20.040,4008191,83330290.89,3.79,2.62,0.53,0.00,301011,20.26,不复权,正常交易,,,
2024-11-12,301011,20.920,20.620,21.000,20.340,3858659,79565548.58,3.24,-0.82,-0.17,0.00,301011,20.79,不复权,正常交易,,,
2024-11-13,301011,20.550,20.550,20.790,20.000,2695325,55388928.75,3.95,-0.34,-0.07,0.00,301011,20.62,不复权,正常交易,,,
2024-11-14,301011,20.700,19.860,20.930,19.850,2729571,54209280.06,5.44,-3.36,-0.69,0.00,301011,20.55,不复权,正常交易,,,
2024-11-15,301011,19.860,19.810,20.610,19.810,3859526,76457210.06,4.04,-0.25,-0.05,0.00,301011,19.86,不复权,正常交易,,,
2024-11-18,301011,19.780,18.770,19.970,18.500,3355925,62990712.25,7.95,-5.25,-1.04,0.00,301011,19.81,不复权,正常交易,,,
2024-11-19,301011,18.790,19.460,19.460,18.660,2381483,46343659.18,4.29,3.68,0.69,0.00,301011,18.77,不复权,正常交易,,,
2024-11-20,301011,19.480,20.040,20.500,19.360,2737896,54867435.84,5.89,2.98,0.58,0.00,301011,19.46,不复权,正常交易,,,
2024-11-21,301011,20.040,21.630,22.200,19.940,10004617,216399865.71,11.33,7.93,1.59,0.00,301011,20.04,不复权,正常交易,,,
2024-11-22,301011,21.340,21.310,22.370,20.580,9608246,204751722.26,8.70,-1.48,-0.32,0.00,301011,21.63,不复权,正常交易,,,
2024-11-25,301011,22.140,25.570,25.570,21.120,15746583,402640127.31,21.07,19.99,4.26,0.00,301011,21.31,不复权,正常交易,,,
2024-11-26,301011,27.780,30.680,30.680,27.330,19404894,595342147.92,12.26,19.98,5.11,0.00,301011,25.57,不复权,正常交易,,,
2024-11-27,301011,30.000,36.820,36.820,29.150,35461191,1305681052.62,26.31,20.01,6.14,0.00,301011,30.68,不复权,正常交易,,,
2024-11-28,301011,37.000,39.890,44.000,36.820,36336332,1449456283.48,19.50,8.34,3.07,0.00,301011,36.82,不复权,正常交易,,,
2024-11-29,301011,37.500,38.200,41.780,34.520,31513332,1203809282.40,21.03,-4.24,-1.69,0.00,301011,39.89,不复权,正常交易,,,
2024-12-02,301011,36.300,38.270,38.880,35.090,30002992,1148214503.84,10.80,0.18,0.07,0.00,301011,38.20,不复权,正常交易,,,
2024-12-03,301011,36.500,33.600,37.490,33.140,24689200,829557120.00,13.13,-12.20,-4.67,0.00,301011,38.27,不复权,正常交易,,,
2024-12-04,301011,32.810,33.340,34.670,32.170,19319947,644127032.98,7.77,-0.77,-0.26,0.00,301011,33.60,不复权,正常交易,,,
2024-12-05,301011,33.560,32.550,33.600,32.080,15286456,497574142.80,4.74,-2.37,-0.79,0.00,301011,33.34,不复权,正常交易,,,
2024-12-06,301011,32.100,31.820,32.540,30.880,14970325,476355741.50,5.38,-2.24,-0.73,0.00,301011,32.55,不复权,正常交易,,,
2024-12-09,301011,31.580,31.670,31.940,30.700,10597259,335615192.53,4.04,-0.47,-0.15,0.00,301011,31.82,不复权,正常交易,,,
2024-12-10,301011,32.660,32.310,33.560,31.690,18871580,609740749.80,5.90,2.02,0.64,0.00,301011,31.67,不复权,正常交易,,,
2024-12-11,301011,31.500,30.960,31.620,30.500,12553214,388647505.44,3.67,-4.18,-1.35,0.00,301011,32.31,不复权,正常交易,,,
2024-12-12,301011,31.090,32.130,32.200,31.020,13385332,430070717.16,3.80,3.78,1.17,0.00,301011,30.96,不复权,正常交易,,,
2024-12-13,301011,31.950,33.280,35.140,31.600,24589325,818332736.00,11.20,3.58,1.15,0.00,301011,32.13,不复权,正常交易,,,
2024-12-16,301011,32.800,29.310,33.200,28.720,18467025,541268502.75,15.60,-11.93,-3.97,0.00,301011,33.28,不复权,正常交易,,,
2024-12-17,301011,29.040,28.300,29.600,28.110,11107611,314345391.30,5.30,-3.45,-1.01,0.00,301011,29.31,不复权,正常交易,,,
2024-12-18,301011,28.430,28.620,28.920,27.330,8178154,234058767.48,5.82,1.13,0.32,0.00,301011,28.30,不复权,正常交易,,,
2024-12-19,301011,28.280,28.940,29.170,27.660,8723392,252454964.48,5.46,1.12,0.32,0.00,301011,28.62,不复权,正常交易,,,
2024-12-20,301011,28.740,29.140,29.570,28.610,8115818,236494936.52,3.36,0.69,0.20,0.00,301011,28.94,不复权,正常交易,,,
2024-12-23,301011,28.950,27.330,29.030,27.100,8171697,223332479.01,7.12,-6.21,-1.81,0.00,301011,29.14,不复权,正常交易,,,
2024-12-24,301011,27.780,27.410,27.780,26.800,5523687,151404260.67,3.66,0.29,0.08,0.00,301011,27.33,不复权,正常交易,,,
2024-12-25,301011,27.420,26.930,27.590,26.000,5580340,150278556.20,6.12,-1.75,-0.48,0.00,301011,27.41,不复权,正常交易,,,
2024-12-26,301011,27.000,27.050,27.380,26.720,4432459,119898015.95,2.47,0.45,0.12,0.00,301011,26.93,不复权,正常交易,,,
2024-12-27,301011,26.990,27.190,27.620,26.720,4762322,129487535.18,3.37,0.52,0.14,0.00,301011,27.05,不复权,正常交易,,,
2024-12-30,301011,26.840,26.740,27.000,26.060,3964890,106021158.60,3.61,-1.66,-0.45,0.00,301011,27.19,不复权,正常交易,,,
2024-12-31,301011,26.720,25.690,26.870,25.680,3969400,101973886.00,4.63,-3.93,-1.05,0.00,301011,26.74,不复权,正常交易,,,
2025-01-02,301011,25.710,25.880,26.760,25.490,6626833,171502438.04,4.98,0.74,0.19,0.00,301011,25.69,不复权,正常交易,,,
2025-01-03,301011,25.960,24.050,26.290,23.800,7057038,169721763.90,10.46,-7.07,-1.83,0.00,301011,25.88,不复权,正常交易,,,
2025-01-06,301011,24.050,23.660,24.300,22.980,4913227,116246950.82,5.74,-1.62,-0.39,0.00,301011,24.05,不复权,正常交易,,,
2025-01-07,301011,23.780,24.480,24.520,23.600,3792800,92847744.00,3.90,3.47,0.82,0.00,301011,23.66,不复权,正常交易,,,
2025-01-08,301011,24.520,24.820,25.050,23.650,5821701,144494618.82,5.92,1.39,0.34,0.00,301011,24.48,不复权,正常交易,,,
2025-01-09,301011,24.980,25.900,26.390,24.980,10496387,271856423.30,5.64,4.35,1.08,0.00,301011,24.82,不复权,正常交易,,,
2025-01-10,301011,26.090,24.170,26.750,24.110,11552440,279222474.80,10.95,-6.68,-1.73,0.00,301011,25.90,不复权,正常交易,,,
2025-01-13,301011,24.120,24.180,24.440,23.140,6455363,156090677.34,5.62,0.04,0.01,0.00,301011,24.17,不复权,正常交易,,,
2025-01-14,301011,24.720,25.780,25.830,24.300,7188600,185322108.00,6.30,6.62,1.60,0.00,301011,24.18,不复权,正常交易,,,
2025-01-15,301011,25.750,27.430,27.430,25.600,14021049,384597374.07,7.15,6.40,1.65,0.00,301011,25.78,不复权,正常交易,,,
2025-01-16,301011,27.300,26.880,27.870,26.600,12608192,338908200.96,4.77,-2.01,-0.55,0.00,301011,27.43,不复权,正常交易,,,
2025-01-17,301011,26.620,26.130,26.870,25.980,7058717,184444275.21,3.43,-2.79,-0.75,0.00,301011,26.88,不复权,正常交易,,,
2025-01-20,301011,26.950,28.770,31.050,26.850,20860098,600145019.46,15.64,10.10,2.64,0.00,301011,26.13,不复权,正常交易,,,
2025-01-21,301011,28.850,28.560,29.480,27.880,13184627,376552947.12,5.74,-0.73,-0.21,0.00,301011,28.77,不复权,正常交易,,,
2025-01-22,301011,28.410,28.020,28.410,27.440,8740042,244895976.84,3.53,-1.89,-0.54,0.00,301011,28.56,不复权,正常交易,,,
2025-01-23,301011,28.500,27.460,28.700,27.450,10541285,289463686.10,4.55,-2.00,-0.56,0.00,301011,28.02,不复权,正常交易,,,
2025-01-24,301011,27.590,29.270,29.450,27.300,13074689,382696147.03,7.88,6.59,1.81,0.00,301011,27.46,不复权,正常交易,,,
2025-01-27,301011,29.470,28.150,29.510,28.060,8252430,232305904.50,5.17,-3.83,-1.12,0.00,301011,29.27,不复权,正常交易,,,
2025-02-05,301011,28.680,28.760,28.890,28.080,7951383,228681775.08,2.88,2.17,0.61,0.00,301011,28.15,不复权,正常交易,,,
2025-02-06,301011,28.360,29.650,29.860,28.190,9737543,288718149.95,5.92,3.09,0.89,0.00,301011,28.76,不复权,正常交易,,,
2025-02-07,301011,29.630,31.080,31.510,29.070,14490602,450367910.16,8.39,4.82,1.43,0.00,301011,29.65,不复权,正常交易,,,
2025-02-10,301011,30.450,31.480,31.790,30.000,12893443,405885585.64,5.97,1.29,0.40,0.00,301011,31.08,不复权,正常交易,,,
2025-02-11,301011,31.490,31.770,32.500,30.660,11642835,369892867.95,6.00,0.92,0.29,0.00,301011,31.48,不复权,正常交易,,,
2025-02-12,301011,31.750,32.190,33.000,31.600,12694956,408650633.64,4.43,1.32,0.42,0.00,301011,31.77,不复权,正常交易,,,
2025-02-13,301011,31.700,30.760,31.700,30.420,10207287,313976148.12,4.21,-4.44,-1.43,0.00,301011,32.19,不复权,正常交易,,,
2025-02-14,301011,30.740,30.280,31.390,30.080,7935953,240300656.84,4.36,-1.56,-0.48,0.00,301011,30.76,不复权,正常交易,,,
2025-02-17,301011,30.100,30.610,30.710,29.760,7547930,231042137.30,3.19,1.09,0.33,0.00,301011,30.28,不复权,正常交易,,,
2025-02-18,301011,30.450,28.560,30.950,28.450,6855022,195779428.32,8.79,-6.70,-2.05,0.00,301011,30.61,不复权,正常交易,,,
2025-02-19,301011,28.500,28.870,29.490,28.200,5181487,149589529.69,4.57,1.09,0.31,0.00,301011,28.56,不复权,正常交易,,,
2025-02-20,301011,28.890,28.800,29.280,28.500,5316107,153103881.60,2.74,-0.24,-0.07,0.00,301011,28.87,不复权,正常交易,,,
2025-02-21,301011,28.930,29.390,29.790,28.380,6917213,203296890.07,4.97,2.05,0.59,0.00,301011,28.80,不复权,正常交易,,,
2025-02-24,301011,29.210,28.560,29.280,28.260,5527850,157875396.00,3.61,-2.82,-0.83,0.00,301011,29.39,不复权,正常交易,,,
2025-02-25,301011,28.110,28.260,28.750,27.610,5398680,152566696.80,4.13,-1.05,-0.30,0.00,301011,28.56,不复权,正常交易,,,
2025-02-26,301011,28.320,28.350,28.460,27.800,4616869,130888236.15,2.37,0.32,0.09,0.00,301011,28.26,不复权,正常交易,,,
2025-02-27,301011,28.310,28.660,29.390,27.900,6910702,198060719.32,5.34,1.09,0.31,0.00,301011,28.35,不复权,正常交易,,,
2025-02-28,301011,28.310,26.700,28.450,26.660,5458903,145752710.10,6.71,-6.84,-1.96,0.00,301011,28.66,不复权,正常交易,,,
2025-03-03,301011,26.680,26.980,27.580,26.530,4170922,112531475.56,3.96,1.05,0.28,0.00,301011,26.70,不复权,正常交易,,,
2025-03-04,301011,26.970,27.200,27.280,26.780,2572490,69971728.00,1.87,0.82,0.22,0.00,301011,26.98,不复权,正常交易,,,
2025-03-05,301011,27.120,27.070,27.210,26.610,2878000,77907460.00,2.25,-0.48,-0.13,0.00,301011,27.20,不复权,正常交易,,,
2025-03-06,301011,27.100,27.900,28.190,27.080,4868067,135819069.30,4.10,3.07,0.83,0.00,301011,27.07,不复权,正常交易,,,
2025-03-07,301011,27.840,27.270,28.000,27.130,3156544,86078954.88,3.21,-2.26,-0.63,0.00,301011,27.90,不复权,正常交易,,,
2025-03-10,301011,27.350,27.490,27.490,27.080,2107034,57922364.66,1.51,0.81,0.22,0.00,301011,27.27,不复权,正常交易,,,
2025-03-11,301011,27.060,27.890,28.100,27.060,3504255,97733671.95,3.84,1.46,0.40,0.00,301011,27.49,不复权,正常交易,,,
2025-03-12,301011,27.960,27.700,28.330,27.680,4211189,116649935.30,2.35,-0.68,-0.19,0.00,301011,27.89,不复权,正常交易,,,
2025-03-13,301011,27.770,27.320,27.980,26.930,3029369,82762361.08,3.90,-1.37,-0.38,0.00,301011,27.70,不复权,正常交易,,,
2025-03-14,301011,27.330,28.610,28.740,27.150,6646955,190169382.55,5.86,4.72,1.29,0.00,301011,27.32,不复权,正常交易,,,
2025-03-17,301011,28.850,28.800,29.340,28.520,6311612,181774425.60,2.88,0.66,0.19,0.00,301011,28.61,不复权,正常交易,,,
2025-03-18,301011,28.950,28.660,28.990,28.460,3516551,100784351.66,1.86,-0.49,-0.14,0.00,301011,28.80,不复权,正常交易,,,
2025-03-19,301011,28.700,28.330,28.740,28.150,2595364,73526662.12,2.10,-1.15,-0.33,0.00,301011,28.66,不复权,正常交易,,,
2025-03-20,301011,28.400,27.880,28.400,27.830,2693200,75086416.00,2.05,-1.59,-0.45,0.00,301011,28.33,不复权,正常交易,,,
2025-03-21,301011,27.760,27.260,28.110,27.240,2866639,78144579.14,3.19,-2.22,-0.62,0.00,301011,27.88,不复权,正常交易,,,
2025-03-24,301011,27.170,26.900,27.710,26.100,2933161,78902030.90,6.17,-1.32,-0.36,0.00,301011,27.26,不复权,正常交易,,,
2025-03-25,301011,26.980,26.600,27.270,26.400,3181030,84615398.00,3.30,-1.12,-0.30,0.00,301011,26.90,不复权,正常交易,,,
2025-03-26,301011,26.740,27.800,28.050,26.660,4565340,126916452.00,5.21,4.51,1.20,0.00,301011,26.60,不复权,正常交易,,,
2025-03-27,301011,28.820,29.530,30.800,28.650,13640567,402805943.51,7.50,6.22,1.73,0.00,301011,27.80,不复权,正常交易,,,
2025-03-28,301011,28.260,28.690,29.190,28.000,8637182,247800751.58,4.25,-2.84,-0.84,0.00,301011,29.53,不复权,正常交易,,,
2025-03-31,301011,28.250,26.930,28.250,26.350,8043063,216599686.59,7.21,-6.13,-1.76,0.00,301011,28.69,不复权,正常交易,,,
2025-04-01,301011,27.100,26.540,27.360,26.500,4826847,128104519.38,3.25,-1.45,-0.39,0.00,301011,26.93,不复权,正常交易,,,
2025-04-02,301011,26.530,26.310,27.180,26.300,3874722,101943935.82,3.35,-0.87,-0.23,0.00,301011,26.54,不复权,正常交易,,,
2025-04-03,301011,25.720,26.930,28.840,25.550,7385520,198892053.60,12.88,2.36,0.62,0.00,301011,26.31,不复权,正常交易,,,
2025-04-07,301011,25.000,21.600,25.600,21.540,7347399,158703818.40,18.85,-19.79,-5.33,0.00,301011,26.93,不复权,正常交易,,,
2025-04-08,301011,22.010,22.960,23.870,22.010,6510872,149489621.12,8.45,6.30,1.36,0.00,301011,21.60,不复权,正常交易,,,
2025-04-09,301011,22.620,24.520,24.950,20.990,7573656,185706045.12,18.87,6.79,1.56,0.00,301011,22.96,不复权,正常交易,,,
2025-04-10,301011,25.380,24.760,25.500,24.680,5512600,136491976.00,3.32,0.98,0.24,0.00,301011,24.52,不复权,正常交易,,,
2025-04-11,301011,24.610,24.930,25.380,24.410,3787780,94429355.40,3.97,0.69,0.17,0.00,301011,24.76,不复权,正常交易,,,
2025-04-14,301011,25.280,25.500,26.110,25.240,4277700,109081350.00,3.45,2.29,0.57,0.00,301011,24.93,不复权,正常交易,,,
2025-04-15,301011,30.600,28.560,30.600,28.110,21542759,615261197.04,8.86,12.00,3.06,0.00,301011,25.50,不复权,正常交易,,,
2025-04-16,301011,27.000,25.900,27.000,25.100,17619849,456354089.10,7.57,-9.31,-2.66,0.00,301011,28.56,不复权,正常交易,,,
2025-04-17,301011,25.050,25.700,26.250,24.620,11076385,284663094.50,6.62,-0.77,-0.20,0.00,301011,25.90,不复权,正常交易,,,
2025-04-18,301011,25.840,25.660,26.780,25.010,9904800,254157168.00,7.08,-0.16,-0.04,0.00,301011,25.70,不复权,正常交易,,,
2025-04-21,301011,25.390,25.730,25.930,25.200,6640872,170869636.56,2.90,0.27,0.07,0.00,301011,25.66,不复权,正常交易,,,
2025-04-22,301011,25.600,25.530,26.060,25.450,6078358,155180479.74,2.40,-0.78,-0.20,0.00,301011,25.73,不复权,正常交易,,,
2025-04-23,301011,25.600,26.160,27.250,25.600,9090594,237809939.04,6.45,2.47,0.63,0.00,301011,25.53,不复权,正常交易,,,
2025-04-24,301011,25.840,25.340,26.000,25.100,6077841,154012490.94,3.59,-3.13,-0.82,0.00,301011,26.16,不复权,正常交易,,,
2025-04-25,301011,25.450,25.000,25.540,25.000,4292924,107323100.00,2.16,-1.34,-0.34,0.00,301011,25.34,不复权,正常交易,,,
2025-04-28,301011,25.260,26.000,26.730,25.030,8751073,227527898.00,6.79,4.00,1.00,0.00,301011,25.00,不复权,正常交易,,,
2025-04-29,301011,25.110,25.100,26.080,24.940,7842271,196841002.10,4.57,-3.46,-0.90,0.00,301011,26.00,不复权,正常交易,,,
2025-04-30,301011,25.140,25.540,25.980,25.100,6314300,161267222.00,3.51,1.75,0.44,0.00,301011,25.10,不复权,正常交易,,,
2025-05-06,301011,25.900,26.940,26.970,25.810,6502175,175168594.50,4.49,5.48,1.40,0.00,301011,25.54,不复权,正常交易,,,
2025-05-07,301011,27.460,26.800,27.760,26.470,5245149,140569993.20,4.87,-0.52,-0.14,0.00,301011,26.94,不复权,正常交易,,,
2025-05-08,301011,26.620,26.870,27.030,26.620,2856100,76743407.00,1.54,0.26,0.07,0.00,301011,26.80,不复权,正常交易,,,
2025-05-09,301011,26.960,26.140,26.960,26.100,3174630,82984828.20,3.30,-2.72,-0.73,0.00,301011,26.87,不复权,正常交易,,,
2025-05-12,301011,26.500,26.260,26.700,26.060,2848537,74802581.62,2.46,0.46,0.12,0.00,301011,26.14,不复权,正常交易,,,
2025-05-13,301011,26.590,26.070,26.590,25.950,2915007,75994232.49,2.47,-0.72,-0.19,0.00,301011,26.26,不复权,正常交易,,,
2025-05-14,301011,26.000,25.820,26.090,25.510,2996130,77360076.60,2.27,-0.96,-0.25,0.00,301011,26.07,不复权,正常交易,,,
2025-05-15,301011,25.910,25.460,26.180,25.080,3813928,97102606.88,4.39,-1.39,-0.36,0.00,301011,25.82,不复权,正常交易,,,
2025-05-16,301011,25.330,25.810,26.290,25.160,4087100,105488051.00,4.49,1.37,0.35,0.00,301011,25.46,不复权,正常交易,,,
2025-05-19,301011,25.520,26.330,26.330,25.100,4285002,112824102.66,4.90,2.01,0.52,0.00,301011,25.81,不复权,正常交易,,,
2025-05-20,301011,27.860,30.290,31.600,27.220,28518337,863820427.73,16.09,15.04,3.96,0.00,301011,26.33,不复权,正常交易,,,
2025-05-21,301011,28.660,29.100,29.770,28.200,21385011,622303820.10,5.57,-3.93,-1.19,0.00,301011,30.29,不复权,正常交易,,,
2025-05-22,301011,28.900,28.330,29.310,27.970,13543157,383677637.81,4.79,-2.65,-0.77,0.00,301011,29.10,不复权,正常交易,,,
2025-05-23,301011,28.400,27.810,28.800,27.720,10038360,279166791.60,3.90,-1.84,-0.52,0.00,301011,28.33,不复权,正常交易,,,
2025-05-26,301011,28.570,29.880,30.120,28.140,18044366,539165656.08,7.04,7.44,2.07,0.00,301011,27.81,不复权,正常交易,,,
2025-05-27,301011,30.130,29.980,32.320,29.420,19350585,580130538.30,9.86,0.33,0.10,0.00,301011,29.88,不复权,正常交易,,,
2025-05-28,301011,29.530,29.510,29.990,28.380,14035864,414198346.64,5.67,-1.57,-0.47,0.00,301011,29.98,不复权,正常交易,,,
2025-05-29,301011,29.580,29.630,30.070,28.900,9520695,282098192.85,4.05,0.41,0.12,0.00,301011,29.51,不复权,正常交易,,,
2025-05-30,301011,29.400,28.500,30.300,28.380,8932239,254568811.50,6.77,-3.81,-1.13,0.00,301011,29.63,不复权,正常交易,,,
2025-06-03,301011,28.610,30.150,30.650,28.510,12222030,368494204.50,7.51,5.79,1.65,0.00,301011,28.50,不复权,正常交易,,,
2025-06-04,301011,30.210,30.910,31.480,30.030,12954551,400425171.41,4.83,2.52,0.76,0.00,301011,30.15,不复权,正常交易,,,
2025-06-05,301011,30.770,30.300,32.000,30.170,12404680,375861804.00,6.07,-1.97,-0.61,0.00,301011,30.91,不复权,正常交易,,,
2025-06-06,301011,30.000,29.000,30.200,28.810,7643100,221649900.00,4.82,-4.29,-1.30,0.00,301011,30.30,不复权,正常交易,,,
2025-06-09,301011,29.100,29.900,30.300,28.900,6694820,200175118.00,4.84,3.10,0.90,0.00,301011,29.00,不复权,正常交易,,,
2025-06-10,301011,30.030,31.890,32.290,29.760,18534555,591066958.95,8.50,6.66,1.99,0.00,301011,29.90,不复权,正常交易,,,
2025-06-11,301011,33.000,32.300,34.560,31.980,21186665,684329279.50,8.07,1.29,0.41,0.00,301011,31.89,不复权,正常交易,,,
2025-06-12,301011,31.860,35.150,36.110,31.390,23775824,835720213.60,15.04,8.82,2.85,0.00,301011,32.30,不复权,正常交易,,,
2025-06-13,301011,33.540,32.800,33.790,32.360,16346359,536160575.20,4.42,-6.69,-2.35,0.00,301011,35.15,不复权,正常交易,,,
2025-06-16,301011,31.500,32.420,33.270,31.400,9150192,296649224.64,5.96,-1.16,-0.38,0.00,301011,32.80,不复权,正常交易,,,
2025-06-17,301011,32.010,30.190,32.430,30.050,10579148,319384478.12,7.92,-6.88,-2.23,0.00,301011,32.42,不复权,正常交易,,,
2025-06-18,301011,29.700,29.720,30.000,29.000,7472009,222068107.48,3.45,-1.56,-0.47,0.00,301011,30.19,不复权,正常交易,,,
2025-06-19,301011,29.610,28.510,29.610,28.350,6668411,190116397.61,4.44,-4.07,-1.21,0.00,301011,29.72,不复权,正常交易,,,
2025-06-20,301011,28.520,27.650,28.980,27.560,4407870,121877605.50,5.15,-3.02,-0.86,0.00,301011,28.51,不复权,正常交易,,,
2025-06-23,301011,27.010,27.440,27.590,26.990,4596768,126135313.92,2.22,-0.76,-0.21,0.00,301011,27.65,不复权,正常交易,,,
2025-06-24,301011,27.870,27.930,28.200,27.600,5349000,149397570.00,2.17,1.79,0.49,0.00,301011,27.44,不复权,正常交易,,,
2025-06-25,301011,27.870,27.900,28.100,27.500,4634500,129302550.00,2.18,-0.11,-0.03,0.00,301011,27.93,不复权,正常交易,,,
2025-06-26,301011,27.890,27.610,28.360,27.370,4986121,137666800.81,3.62,-1.04,-0.29,0.00,301011,27.90,不复权,正常交易,,,
2025-06-27,301011,27.600,27.710,28.000,27.440,3078600,85308006.00,2.04,0.36,0.10,0.00,301011,27.61,不复权,正常交易,,,
2025-06-30,301011,27.550,28.700,28.750,27.550,6330620,181688794.00,4.36,3.57,0.99,0.00,301011,27.71,不复权,正常交易,,,
2025-07-01,301011,28.990,28.340,29.080,27.930,5057763,143337003.42,4.12,-1.25,-0.36,0.00,301011,28.70,不复权,正常交易,,,
2025-07-02,301011,28.220,27.920,28.300,27.610,3627608,101282815.36,2.50,-1.48,-0.42,0.00,301011,28.34,不复权,正常交易,,,
2025-07-03,301011,27.870,27.920,28.140,27.710,2258900,63068488.00,1.55,0.00,0.00,0.00,301011,27.92,不复权,正常交易,,,
2025-07-04,301011,27.800,27.160,27.900,27.000,4877112,132462361.92,3.33,-2.72,-0.76,0.00,301011,27.92,不复权,正常交易,,,
2025-07-07,301011,27.020,27.280,27.390,27.020,2024792,55236325.76,1.37,0.44,0.12,0.00,301011,27.16,不复权,正常交易,,,
2025-07-08,301011,27.200,27.900,27.920,27.150,4183799,116727992.10,2.84,2.27,0.62,0.00,301011,27.28,不复权,正常交易,,,
2025-07-09,301011,28.020,27.770,28.300,27.710,3719006,103276796.62,2.13,-0.47,-0.13,0.00,301011,27.90,不复权,正常交易,,,
2025-07-10,301011,27.710,27.500,27.980,27.370,2925900,80462250.00,2.23,-0.97,-0.27,0.00,301011,27.77,不复权,正常交易,,,
2025-07-11,301011,27.510,27.620,27.700,27.250,2643378,73010100.36,1.65,0.44,0.12,0.00,301011,27.50,不复权,正常交易,,,
2025-07-14,301011,27.630,27.510,27.740,27.240,2230275,61354865.25,1.84,-0.40,-0.11,0.00,301011,27.62,不复权,正常交易,,,
2025-07-15,301011,27.330,27.360,27.590,27.000,2900500,79357680.00,2.19,-0.55,-0.15,0.00,301011,27.51,不复权,正常交易,,,
2025-07-16,301011,27.630,28.400,28.680,27.520,8215979,233333803.60,4.22,3.80,1.04,0.00,301011,27.36,不复权,正常交易,,,
2025-07-17,301011,28.190,28.400,28.480,28.040,3946500,112080600.00,1.57,0.00,0.00,0.00,301011,28.40,不复权,正常交易,,,
2025-07-18,301011,28.390,28.090,28.450,27.980,2771218,77843513.62,1.68,-1.09,-0.31,0.00,301011,28.40,不复权,正常交易,,,
2025-07-21,301011,28.090,27.880,28.260,27.680,3730450,104004946.00,2.10,-0.75,-0.21,0.00,301011,28.09,不复权,正常交易,,,
2025-07-22,301011,27.780,27.610,27.880,27.500,2762150,76262961.50,1.38,-0.97,-0.27,0.00,301011,27.88,不复权,正常交易,,,
2025-07-23,301011,27.470,27.430,27.710,27.380,2118400,58107712.00,1.21,-0.65,-0.18,0.00,301011,27.61,不复权,正常交易,,,
2025-07-24,301011,27.410,27.550,27.730,27.410,2025386,55799384.30,1.17,0.44,0.12,0.00,301011,27.43,不复权,正常交易,,,
2025-07-25,301011,27.550,27.360,27.740,27.310,2860208,78255290.88,1.57,-0.69,-0.19,0.00,301011,27.55,不复权,正常交易,,,
2025-07-28,301011,27.300,27.510,27.590,27.300,1882800,51795828.00,1.06,0.55,0.15,0.00,301011,27.36,不复权,正常交易,,,
2025-07-29,301011,27.500,27.680,27.780,27.090,2909014,80521507.52,2.55,0.62,0.17,0.00,301011,27.51,不复权,正常交易,,,
2025-07-30,301011,27.600,27.470,27.780,27.310,2671010,73372644.70,1.72,-0.76,-0.21,0.00,301011,27.68,不复权,正常交易,,,
2025-07-31,301011,27.320,27.090,27.490,27.030,2945300,79788177.00,1.70,-1.38,-0.38,0.00,301011,27.47,不复权,正常交易,,,
2025-08-01,301011,27.000,27.090,27.210,26.850,2226930,60327533.70,1.34,0.00,0.00,0.00,301011,27.09,不复权,正常交易,,,
2025-08-04,301011,27.000,27.220,27.270,26.760,1642905,44719874.10,1.91,0.48,0.13,0.00,301011,27.09,不复权,正常交易,,,
2025-08-05,301011,27.220,27.210,27.360,27.050,1912440,52037492.40,1.15,-0.04,-0.01,0.00,301011,27.22,不复权,正常交易,,,
2025-08-06,301011,27.300,27.920,27.980,27.280,6214260,173502139.20,2.57,2.61,0.71,0.00,301011,27.21,不复权,正常交易,,,
2025-08-07,301011,27.880,28.400,28.580,27.700,6855651,194700488.40,3.18,1.72,0.48,0.00,301011,27.92,不复权,正常交易,,,
2025-08-08,301011,28.290,27.560,28.290,27.540,4100100,112998756.00,2.72,-2.96,-0.84,0.00,301011,28.40,不复权,正常交易,,,
2025-08-11,301011,27.520,27.650,27.800,27.460,2429680,67180652.00,1.24,0.33,0.09,0.00,301011,27.56,不复权,正常交易,,,
2025-08-12,301011,27.530,27.520,27.740,27.320,1977252,54413975.04,1.54,-0.47,-0.13,0.00,301011,27.65,不复权,正常交易,,,
2025-08-13,301011,27.690,27.340,27.700,27.250,2853223,78007116.82,1.65,-0.65,-0.18,0.00,301011,27.52,不复权,正常交易,,,
2025-08-14,301011,27.340,28.000,28.750,27.310,7903377,221294556.00,5.27,2.41,0.66,0.00,301011,27.34,不复权,正常交易,,,
2025-08-15,301011,28.120,29.460,30.310,28.110,12076135,355762937.10,7.83,5.21,1.46,0.00,301011,28.00,不复权,正常交易,,,
2025-08-18,301011,29.510,29.590,30.230,29.210,9158831,271009809.29,3.49,0.44,0.13,0.00,301011,29.46,不复权,正常交易,,,
2025-08-19,301011,29.550,30.990,31.830,29.260,12725135,394351933.65,8.78,4.73,1.40,0.00,301011,29.59,不复权,正常交易,,,
2025-08-20,301011,31.000,32.220,32.550,30.760,12107712,390110480.64,5.82,3.97,1.23,0.00,301011,30.99,不复权,正常交易,,,
2025-08-21,301011,32.420,31.780,32.570,31.520,8684085,275980221.30,3.33,-1.37,-0.44,0.00,301011,32.22,不复权,正常交易,,,
2025-08-22,301011,31.470,31.780,31.960,31.110,6562736,208563750.08,2.73,0.00,0.00,0.00,301011,31.78,不复权,正常交易,,,
2025-08-25,301011,31.830,30.960,32.000,30.540,8775929,271702761.84,4.78,-2.58,-0.82,0.00,301011,31.78,不复权,正常交易,,,
2025-08-26,301011,30.800,30.990,31.690,30.200,6290741,194950063.59,4.93,0.10,0.03,0.00,301011,30.96,不复权,正常交易,,,
2025-08-27,301011,31.100,31.850,32.990,30.800,10083683,321165303.55,7.11,2.78,0.86,0.00,301011,30.99,不复权,正常交易,,,
2025-08-28,301011,31.630,30.660,32.830,29.620,10843636,332465879.76,10.84,-3.74,-1.19,0.00,301011,31.85,不复权,正常交易,,,
2025-08-29,301011,30.950,30.120,31.030,30.090,6710916,202132789.92,3.12,-1.76,-0.54,0.00,301011,30.66,不复权,正常交易,,,
2025-09-01,301011,30.070,30.050,30.740,29.600,5511724,165627306.20,3.85,-0.23,-0.07,0.00,301011,30.12,不复权,正常交易,,,
2025-09-02,301011,29.930,28.880,30.010,28.550,5116143,147754209.84,5.11,-3.89,-1.17,0.00,301011,30.05,不复权,正常交易,,,
2025-09-03,301011,28.940,27.760,29.140,27.640,4437293,123179253.68,5.43,-3.88,-1.12,0.00,301011,28.88,不复权,正常交易,,,
2025-09-04,301011,27.810,27.650,28.340,27.090,3911864,108163039.60,4.61,-0.40,-0.11,0.00,301011,27.76,不复权,正常交易,,,
2025-09-05,301011,27.650,28.100,28.190,27.280,3389107,95233906.70,3.34,1.63,0.45,0.00,301011,27.65,不复权,正常交易,,,
2025-09-08,301011,27.920,28.060,28.250,27.660,3194164,89628241.84,2.13,-0.14,-0.04,0.00,301011,28.10,不复权,正常交易,,,
2025-09-09,301011,28.000,27.540,28.160,27.210,3412455,93979010.70,3.49,-1.85,-0.52,0.00,301011,28.06,不复权,正常交易,,,
2025-09-10,301011,27.660,27.700,28.300,27.500,3316979,91880318.30,2.91,0.58,0.16,0.00,301011,27.54,不复权,正常交易,,,
2025-09-11,301011,27.860,28.280,28.730,27.300,5238954,148157619.12,5.24,2.09,0.58,0.00,301011,27.70,不复权,正常交易,,,
2025-09-12,301011,27.940,27.950,28.130,27.540,5226655,146085007.25,2.14,-1.17,-0.33,0.00,301011,28.28,不复权,正常交易,,,
2025-09-15,301011,27.800,28.000,28.280,27.700,3675880,102924640.00,2.09,0.18,0.05,0.00,301011,27.95,不复权,正常交易,,,
2025-09-16,301011,28.330,28.830,28.950,27.880,5763616,166165049.28,3.84,2.96,0.83,0.00,301011,28.00,不复权,正常交易,,,
2025-09-17,301011,29.380,28.730,29.540,28.520,5570800,160049084.00,3.58,-0.35,-0.10,0.00,301011,28.83,不复权,正常交易,,,
2025-09-18,301011,28.700,27.900,28.970,27.440,6144551,171432972.90,5.58,-2.89,-0.83,0.00,301011,28.73,不复权,正常交易,,,
2025-09-19,301011,27.770,28.280,28.300,27.610,3369288,95283464.64,2.50,1.36,0.38,0.00,301011,27.90,不复权,正常交易,,,
2025-09-22,301011,28.000,29.490,29.970,27.870,7594446,223960212.54,7.53,4.28,1.21,0.00,301011,28.28,不复权,正常交易,,,
2025-09-23,301011,29.180,28.820,29.480,28.100,4421549,127429042.18,4.91,-2.27,-0.67,0.00,301011,29.49,不复权,正常交易,,,
2025-09-24,301011,28.910,30.350,31.460,28.660,10412174,316009480.90,9.77,5.31,1.53,0.00,301011,28.82,不复权,正常交易,,,
2025-09-25,301011,30.120,29.760,30.650,29.630,5849754,174088679.04,3.44,-1.94,-0.59,0.00,301011,30.35,不复权,正常交易,,,
2025-09-26,301011,29.580,29.560,30.180,28.950,4317500,127625300.00,4.25,-0.67,-0.20,0.00,301011,29.76,不复权,正常交易,,,
2025-09-29,301011,29.490,28.660,29.490,28.110,5167637,148104476.42,4.91,-3.04,-0.90,0.00,301011,29.56,不复权,正常交易,,,
2025-09-30,301011,28.650,28.580,28.940,28.370,3045260,87033530.80,2.01,-0.28,-0.08,0.00,301011,28.66,不复权,正常交易,,,
2025-10-09,301011,28.580,28.170,28.890,28.000,4146364,116803073.88,3.18,-1.43,-0.41,0.00,301011,28.58,不复权,正常交易,,,
2025-10-10,301011,28.000,28.320,28.820,28.000,3532757,100047678.24,2.93,0.53,0.15,0.00,301011,28.17,不复权,正常交易,,,
2025-10-13,301011,27.000,27.990,28.300,26.310,4489395,125658166.05,7.56,-1.17,-0.33,0.00,301011,28.32,不复权,正常交易,,,
2025-10-14,301011,28.270,27.160,28.350,27.100,3413414,92708324.24,4.61,-2.97,-0.83,0.00,301011,27.99,不复权,正常交易,,,
2025-10-15,301011,27.430,28.710,28.760,27.110,5322056,152796227.76,6.09,5.71,1.55,0.00,301011,27.16,不复权,正常交易,,,
2025-10-16,301011,28.500,28.000,28.930,27.880,3245769,90881532.00,3.77,-2.47,-0.71,0.00,301011,28.71,不复权,正常交易,,,
2025-10-17,301011,27.950,26.550,28.010,26.550,3640531,96656098.05,5.50,-5.18,-1.45,0.00,301011,28.00,不复权,正常交易,,,
2025-10-20,301011,26.880,26.890,27.220,26.600,2102345,56532057.05,2.33,1.28,0.34,0.00,301011,26.55,不复权,正常交易,,,
2025-10-21,301011,26.910,26.770,26.980,26.580,2348240,62862384.80,1.50,-0.45,-0.12,0.00,301011,26.89,不复权,正常交易,,,
2025-10-22,301011,26.720,26.710,27.220,26.550,2528400,67533564.00,2.52,-0.22,-0.06,0.00,301011,26.77,不复权,正常交易,,,
2025-10-23,301011,26.700,26.420,26.700,26.050,2117790,55952011.80,2.50,-1.09,-0.29,0.00,301011,26.71,不复权,正常交易,,,
2025-10-24,301011,26.470,26.470,26.630,26.220,2042400,54062328.00,1.56,0.19,0.05,0.00,301011,26.42,不复权,正常交易,,,
2025-10-27,301011,26.500,26.710,26.790,26.270,2510500,67055455.00,1.98,0.91,0.24,0.00,301011,26.47,不复权,正常交易,,,
2025-10-28,301011,26.690,27.100,27.500,26.410,3310911,89725688.10,4.13,1.46,0.39,0.00,301011,26.71,不复权,正常交易,,,
2025-10-29,301011,26.830,26.410,27.030,26.150,4163130,109948263.30,3.37,-2.55,-0.69,0.00,301011,27.10,不复权,正常交易,,,
2025-10-30,301011,26.290,25.650,26.300,25.620,3236710,83021611.50,2.65,-2.88,-0.76,0.00,301011,26.41,不复权,正常交易,,,
2025-10-31,301011,25.660,26.000,26.170,25.550,2640511,68653286.00,2.43,1.36,0.35,0.00,301011,25.65,不复权,正常交易,,,
2025-11-03,301011,26.070,26.200,26.280,25.810,1849999,48469973.80,1.82,0.77,0.20,0.00,301011,26.00,不复权,正常交易,,,
2025-11-04,301011,26.190,25.920,26.190,25.660,1788338,46353720.96,2.07,-1.07,-0.28,0.00,301011,26.20,不复权,正常交易,,,
2025-11-05,301011,25.620,25.880,26.020,25.550,1113558,28818881.04,1.84,-0.15,-0.04,0.00,301011,25.92,不复权,正常交易,,,
2025-11-06,301011,25.960,25.810,26.010,25.610,1625217,41946850.77,1.56,-0.27,-0.07,0.00,301011,25.88,不复权,正常交易,,,
2025-11-07,301011,25.700,25.770,25.910,25.630,1354416,34903300.32,1.09,-0.15,-0.04,0.00,301011,25.81,不复权,正常交易,,,
2025-11-10,301011,25.830,26.260,26.400,25.770,2373706,62333519.56,2.44,1.90,0.49,0.00,301011,25.77,不复权,正常交易,,,
2025-11-11,301011,26.260,25.870,26.370,25.800,1975993,51118938.91,2.21,-1.49,-0.39,0.00,301011,26.26,不复权,正常交易,,,
2025-11-12,301011,25.980,25.900,26.010,25.710,1098997,28464022.30,1.17,0.12,0.03,0.00,301011,25.87,不复权,正常交易,,,
2025-11-13,301011,26.040,26.290,26.670,25.630,3230539,84930870.31,4.06,1.51,0.39,0.00,301011,25.90,不复权,正常交易,,,
2025-11-14,301011,26.060,26.280,26.510,26.060,1726261,45366139.08,1.73,-0.04,-0.01,0.00,301011,26.29,不复权,正常交易,,,
2025-11-17,301011,26.310,25.970,26.320,25.810,1596661,41465286.17,1.98,-1.18,-0.31,0.00,301011,26.28,不复权,正常交易,,,
2025-11-18,301011,26.050,26.520,26.570,25.900,2689052,71313659.04,2.59,2.12,0.55,0.00,301011,25.97,不复权,正常交易,,,
2025-11-19,301011,26.550,26.070,26.580,25.830,2080762,54245465.34,2.90,-1.70,-0.45,0.00,301011,26.52,不复权,正常交易,,,
2025-11-20,301011,26.270,25.930,26.330,25.830,1422000,36872460.00,1.94,-0.54,-0.14,0.00,301011,26.07,不复权,正常交易,,,
2025-11-21,301011,25.880,25.050,26.150,25.050,2514383,62985294.15,4.39,-3.39,-0.88,0.00,301011,25.93,不复权,正常交易,,,
2025-11-24,301011,25.130,25.580,25.800,24.910,1888339,48303711.62,3.57,2.12,0.53,0.00,301011,25.05,不复权,正常交易,,,
2025-11-25,301011,25.670,26.200,26.490,25.600,3776495,98944169.00,3.48,2.42,0.62,0.00,301011,25.58,不复权,正常交易,,,
2025-11-26,301011,26.170,25.750,26.470,25.720,2270797,58473022.75,2.92,-1.72,-0.45,0.00,301011,26.20,不复权,正常交易,,,
2025-11-27,301011,25.750,25.690,26.520,25.610,2296861,59006359.09,3.55,-0.23,-0.06,0.00,301011,25.75,不复权,正常交易,,,
2025-11-28,301011,25.540,26.000,26.250,25.520,1934459,50295934.00,2.86,1.21,0.31,0.00,301011,25.69,不复权,正常交易,,,
2025-12-01,301011,26.200,26.450,26.660,25.970,2788800,73763760.00,2.66,1.73,0.45,0.00,301011,26.00,不复权,正常交易,,,
2025-12-02,301011,26.330,25.950,26.500,25.850,1734939,45021667.05,2.51,-1.89,-0.50,0.00,301011,26.45,不复权,正常交易,,,
2025-12-03,301011,26.000,25.290,26.040,25.120,2354000,59532660.00,3.66,-2.54,-0.66,0.00,301011,25.95,不复权,正常交易,,,
2025-12-04,301011,25.290,25.240,25.600,24.940,1791100,45207364.00,2.65,-0.20,-0.05,0.00,301011,25.29,不复权,正常交易,,,
2025-12-05,301011,25.290,25.150,25.290,24.920,1635208,41125481.20,1.48,-0.36,-0.09,0.00,301011,25.24,不复权,正常交易,,,
2025-12-08,301011,25.240,25.090,25.250,25.040,1613579,40484697.11,0.84,-0.24,-0.06,0.00,301011,25.15,不复权,正常交易,,,
2025-12-09,301011,25.070,26.000,26.530,24.960,4391737,114185162.00,6.29,3.63,0.91,0.00,301011,25.09,不复权,正常交易,,,
2025-12-10,301011,25.820,25.580,26.280,25.420,3044344,77874319.52,3.38,-1.62,-0.42,0.00,301011,26.00,不复权,正常交易,,,
2025-12-11,301011,25.500,25.120,25.710,25.100,1785516,44852161.92,2.43,-1.80,-0.46,0.00,301011,25.58,不复权,正常交易,,,
2025-12-12,301011,25.200,25.200,25.660,24.930,1955972,49290494.40,2.93,0.32,0.08,0.00,301011,25.12,不复权,正常交易,,,
2025-12-15,301011,25.210,24.850,25.270,24.750,1301121,32332856.85,2.10,-1.39,-0.35,0.00,301011,25.20,不复权,正常交易,,,
2025-12-16,301011,24.840,24.250,24.970,24.200,1687336,40917898.00,3.18,-2.41,-0.60,0.00,301011,24.85,不复权,正常交易,,,
2025-12-17,301011,24.210,24.370,24.400,23.940,1223779,29823494.23,1.92,0.49,0.12,0.00,301011,24.25,不复权,正常交易,,,
2025-12-18,301011,24.500,25.150,26.260,24.500,3503023,88101028.45,7.18,3.20,0.78,0.00,301011,24.37,不复权,正常交易,,,
2025-12-19,301011,24.980,26.050,26.250,24.400,5638719,146888629.95,7.58,3.58,0.90,0.00,301011,25.15,不复权,正常交易,,,
2025-12-22,301011,25.920,25.590,26.020,25.550,3042753,77864049.27,1.84,-1.77,-0.46,0.00,301011,26.05,不复权,正常交易,,,
2025-12-23,301011,25.500,25.220,25.640,25.210,1545400,38974988.00,1.71,-1.45,-0.37,0.00,301011,25.59,不复权,正常交易,,,
2025-12-24,301011,25.210,25.510,25.700,25.130,1593114,40640338.14,2.27,1.15,0.29,0.00,301011,25.22,不复权,正常交易,,,
2025-12-25,301011,25.600,25.600,26.090,25.310,1968970,50405632.00,3.08,0.35,0.09,0.00,301011,25.51,不复权,正常交易,,,
2025-12-26,301011,25.500,25.290,25.600,25.180,1538130,38899307.70,1.67,-1.21,-0.31,0.00,301011,25.60,不复权,正常交易,,,
2025-12-29,301011,25.280,25.350,25.600,25.200,945900,23978565.00,1.59,0.24,0.06,0.00,301011,25.29,不复权,正常交易,,,
2025-12-30,301011,25.300,25.490,25.680,25.210,1654554,42174581.46,1.86,0.55,0.14,0.00,301011,25.35,不复权,正常交易,,,
2025-12-31,301011,25.480,25.690,26.090,25.410,2126141,54620562.29,2.68,0.78,0.20,0.00,301011,25.49,不复权,正常交易,,,
2026-01-05,301011,25.830,26.060,26.460,25.800,3079098,80241293.88,2.56,1.44,0.37,0.00,301011,25.69,不复权,正常交易,,,
2026-01-06,301011,26.300,26.100,26.390,25.960,1732034,45206087.40,1.66,0.15,0.04,0.00,301011,26.06,不复权,正常交易,,,
2026-01-07,301011,26.200,25.940,26.230,25.890,1554726,40329592.44,1.31,-0.61,-0.16,0.00,301011,26.10,不复权,正常交易,,,
2026-01-08,301011,25.800,26.080,26.270,25.710,2008069,52370439.52,2.18,0.54,0.14,0.00,301011,25.94,不复权,正常交易,,,
2026-01-09,301011,26.040,26.400,26.460,25.960,3266846,86244734.40,1.93,1.23,0.32,0.00,301011,26.08,不复权,正常交易,,,
2026-01-12,301011,26.400,28.650,28.800,26.400,8892450,254768692.50,9.09,8.52,2.25,0.00,301011,26.40,不复权,正常交易,,,
2026-01-13,301011,28.650,27.990,28.750,27.830,5412257,151489073.43,3.31,-2.30,-0.66,0.00,301011,28.65,不复权,正常交易,,,
2026-01-14,301011,28.050,28.550,29.940,28.050,7637833,218060132.15,6.74,2.00,0.56,0.00,301011,27.99,不复权,正常交易,,,
2026-01-15,301011,28.520,28.200,28.700,27.860,3876469,109316425.80,3.02,-1.23,-0.35,0.00,301011,28.55,不复权,正常交易,,,
2026-01-16,301011,28.380,27.800,28.470,27.580,2653888,73778086.40,3.23,-1.42,-0.40,0.00,301011,28.20,不复权,正常交易,,,
2026-01-19,301011,28.000,27.690,28.090,27.610,2228338,61702679.22,1.74,-0.40,-0.11,0.00,301011,27.80,不复权,正常交易,,,
2026-01-20,301011,27.780,27.830,28.430,27.570,3171330,88258113.90,3.12,0.51,0.14,0.00,301011,27.69,不复权,正常交易,,,
2026-01-21,301011,27.830,27.490,27.830,27.230,2219120,61003608.80,2.20,-1.22,-0.34,0.00,301011,27.83,不复权,正常交易,,,
2026-01-22,301011,27.520,27.630,27.740,27.330,1967918,54373574.34,1.50,0.51,0.14,0.00,301011,27.49,不复权,正常交易,,,
2026-01-23,301011,27.660,28.150,28.450,27.650,2877868,81011984.20,2.89,1.88,0.52,0.00,301011,27.63,不复权,正常交易,,,
2026-01-26,301011,28.220,27.510,28.400,27.050,2932194,80664656.94,4.99,-2.27,-0.64,0.00,301011,28.15,不复权,正常交易,,,
2026-01-27,301011,27.500,26.900,27.590,26.250,2886753,77653655.70,5.10,-2.22,-0.61,0.00,301011,27.51,不复权,正常交易,,,
2026-01-28,301011,27.050,26.180,27.110,26.150,2501170,65480630.60,3.67,-2.68,-0.72,0.00,301011,26.90,不复权,正常交易,,,
2026-01-29,301011,26.160,26.160,26.960,25.820,3433154,89811308.64,4.42,-0.08,-0.02,0.00,301011,26.18,不复权,正常交易,,,
2026-01-30,301011,26.170,26.190,26.480,25.760,2197835,57561298.65,2.80,0.11,0.03,0.00,301011,26.16,不复权,正常交易,,,
2026-02-02,301011,26.320,25.900,26.800,25.890,3446396,89261656.40,3.51,-1.11,-0.29,0.00,301011,26.19,不复权,正常交易,,,
2026-02-03,301011,26.150,26.220,26.500,25.970,1622181,42533585.82,2.04,1.24,0.32,0.00,301011,25.90,不复权,正常交易,,,
2026-02-04,301011,26.130,25.960,26.280,25.690,2112416,54838319.36,2.30,-0.99,-0.26,0.00,301011,26.22,不复权,正常交易,,,
2026-02-05,301011,25.960,26.040,26.400,25.720,1756047,45727463.88,2.64,0.31,0.08,0.00,301011,25.96,不复权,正常交易,,,
2026-02-06,301011,26.350,26.390,27.140,25.970,4312024,113794313.36,4.51,1.34,0.35,0.00,301011,26.04,不复权,正常交易,,,
2026-02-09,301011,26.660,26.750,27.100,26.230,3572945,95576278.75,3.32,1.36,0.36,0.00,301011,26.39,不复权,正常交易,,,
2026-02-10,301011,26.860,27.550,27.980,26.660,4955015,136510663.25,4.95,2.99,0.80,0.00,301011,26.75,不复权,正常交易,,,
2026-02-11,301011,27.500,26.900,27.570,26.860,4105096,110427082.40,2.64,-2.36,-0.65,0.00,301011,27.55,不复权,正常交易,,,
2026-02-12,301011,26.900,26.620,26.920,26.310,2363852,62925740.24,2.32,-1.04,-0.28,0.00,301011,26.90,不复权,正常交易,,,
2026-02-13,301011,26.620,26.530,26.850,26.310,1772543,47025565.79,2.05,-0.34,-0.09,0.00,301011,26.62,不复权,正常交易,,,
2026-02-24,301011,26.690,26.210,26.710,26.080,2448705,64180558.05,2.42,-1.21,-0.32,0.00,301011,26.53,不复权,正常交易,,,
2026-02-25,301011,26.320,26.260,26.410,26.130,1659700,43583722.00,1.07,0.19,0.05,0.00,301011,26.21,不复权,正常交易,,,
2026-02-26,301011,26.270,25.700,26.290,25.580,2671300,68652410.00,2.78,-2.13,-0.56,0.00,301011,26.26,不复权,正常交易,,,
2026-02-27,301011,25.710,25.710,25.740,25.300,1886566,48503611.86,1.74,0.04,0.01,0.00,301011,25.70,不复权,正常交易,,,
2026-03-02,301011,25.500,24.710,25.540,24.540,2451820,60584472.20,4.07,-3.89,-1.00,0.00,301011,25.71,不复权,正常交易,,,
2026-03-03,301011,24.660,23.760,24.880,23.710,2638760,62696937.60,4.93,-3.84,-0.95,0.00,301011,24.71,不复权,正常交易,,,
2026-03-04,301011,23.760,23.240,23.860,23.110,1893675,44009007.00,3.25,-2.19,-0.52,0.00,301011,23.76,不复权,正常交易,,,
2026-03-05,301011,23.690,23.410,23.750,23.300,1292463,30256558.83,1.93,0.73,0.17,0.00,301011,23.24,不复权,正常交易,,,
2026-03-06,301011,23.520,23.750,23.950,23.200,1248400,29649500.00,3.23,1.45,0.34,0.00,301011,23.41,不复权,正常交易,,,
2026-03-09,301011,23.470,23.520,23.530,22.880,2037686,47926374.72,2.84,-0.97,-0.23,0.00,301011,23.75,不复权,正常交易,,,
2026-03-10,301011,23.760,24.500,24.550,23.760,2092166,51258067.00,3.32,4.17,0.98,0.00,301011,23.52,不复权,正常交易,,,
2026-03-11,301011,24.580,24.780,24.870,24.280,1844797,45714069.66,2.43,1.14,0.28,0.00,301011,24.50,不复权,正常交易,,,
2026-03-12,301011,24.850,24.020,25.070,24.020,1702007,40882208.14,4.37,-3.07,-0.76,0.00,301011,24.78,不复权,正常交易,,,
2026-03-13,301011,24.090,23.780,24.310,23.700,1062445,25264942.10,2.57,-1.00,-0.24,0.00,301011,24.02,不复权,正常交易,,,
2026-03-16,301011,23.890,24.110,24.110,23.620,993004,23941326.44,2.07,1.39,0.33,0.00,301011,23.78,不复权,正常交易,,,
2026-03-17,301011,24.270,23.620,24.270,23.560,995853,23522047.86,3.01,-2.03,-0.49,0.00,301011,24.11,不复权,正常交易,,,
2026-03-18,301011,23.600,23.940,24.150,23.510,1258289,30123438.66,2.72,1.35,0.32,0.00,301011,23.62,不复权,正常交易,,,
2026-03-19,301011,23.850,23.330,24.270,23.190,1807357,42165638.81,4.66,-2.55,-0.61,0.00,301011,23.94,不复权,正常交易,,,
2026-03-20,301011,23.560,22.780,23.690,22.700,1851813,42184300.14,4.36,-2.36,-0.55,0.00,301011,23.33,不复权,正常交易,,,
2026-03-23,301011,22.520,21.050,22.780,20.970,3079766,64829074.30,8.63,-7.59,-1.73,0.00,301011,22.78,不复权,正常交易,,,
2026-03-24,301011,21.480,23.020,23.080,21.030,2521446,58043686.92,9.75,9.36,1.97,0.00,301011,21.05,不复权,正常交易,,,
2026-03-25,301011,23.250,24.480,24.520,22.930,5130433,125592999.84,6.93,6.34,1.46,0.00,301011,23.02,不复权,正常交易,,,
2026-03-26,301011,24.320,23.870,24.590,23.620,2370962,56594862.94,4.11,-2.49,-0.61,0.00,301011,24.48,不复权,正常交易,,,
2026-03-27,301011,23.420,23.920,24.050,23.250,1492376,35697633.92,3.44,0.21,0.05,0.00,301011,23.87,不复权,正常交易,,,
2026-03-30,301011,23.530,24.210,24.250,23.390,2070476,50126223.96,3.68,1.21,0.29,0.00,301011,23.92,不复权,正常交易,,,
2026-03-31,301011,24.180,23.760,24.390,23.530,2014094,47854873.44,3.65,-1.86,-0.45,0.00,301011,24.21,不复权,正常交易,,,
2026-04-01,301011,24.100,24.190,24.400,23.610,2289740,55388810.60,3.35,1.81,0.43,0.00,301011,23.76,不复权,正常交易,,,
2026-04-02,301011,24.180,24.000,24.400,23.910,1544234,37061616.00,2.05,-0.79,-0.19,0.00,301011,24.19,不复权,正常交易,,,
2026-04-03,301011,23.880,23.100,24.250,23.050,1493519,34500288.90,5.21,-3.75,-0.90,0.00,301011,24.00,不复权,正常交易,,,
2026-04-07,301011,23.460,22.880,23.660,21.710,4324542,98945520.96,8.98,-0.95,-0.22,0.00,301011,23.10,不复权,正常交易,,,
2026-04-08,301011,22.780,23.540,24.160,22.740,5376244,126556783.76,6.24,2.88,0.66,0.00,301011,22.88,不复权,正常交易,,,
2026-04-09,301011,23.330,22.980,23.400,22.760,2693979,61907637.42,2.81,-2.38,-0.56,0.00,301011,23.54,不复权,正常交易,,,
2026-04-10,301011,23.030,22.930,23.600,22.850,2109405,48368656.65,3.28,-0.22,-0.05,0.00,301011,22.98,不复权,正常交易,,,
2026-04-13,301011,22.860,22.520,22.860,22.360,1777062,40019436.24,2.24,-1.79,-0.41,0.00,301011,22.93,不复权,正常交易,,,
2026-04-14,301011,22.700,22.800,22.880,22.400,1426509,32524405.20,2.14,1.24,0.28,0.00,301011,22.52,不复权,正常交易,,,
2026-04-15,301011,23.000,21.460,23.080,21.380,4693883,100730729.18,7.95,-5.88,-1.34,0.00,301011,22.80,不复权,正常交易,,,
2026-04-16,301011,21.590,22.190,22.280,21.460,3551626,78810580.94,3.82,3.40,0.73,0.00,301011,21.46,不复权,正常交易,,,
2026-04-17,301011,22.110,22.130,22.310,21.810,1579880,34962744.40,2.29,-0.27,-0.06,0.00,301011,22.19,不复权,正常交易,,,
2026-04-20,301011,22.200,22.590,23.180,22.170,3509287,79274793.33,4.56,2.08,0.46,0.00,301011,22.13,不复权,正常交易,,,
2026-04-21,301011,22.520,22.320,22.820,21.950,2049900,45753768.00,3.96,-1.20,-0.27,0.00,301011,22.59,不复权,正常交易,,,
2026-04-22,301011,22.200,22.220,22.300,21.770,1329395,29539156.90,2.43,-0.45,-0.10,0.00,301011,22.32,不复权,正常交易,,,
2026-04-23,301011,22.340,21.770,22.340,21.500,2437332,53060717.64,3.91,-2.03,-0.45,0.00,301011,22.22,不复权,正常交易,,,
2026-04-24,301011,21.720,21.380,21.720,21.130,2221476,47495156.88,2.79,-1.79,-0.39,0.00,301011,21.77,不复权,正常交易,,,
2026-04-27,301011,21.500,21.720,21.860,21.180,1805151,39207879.72,3.21,0.00,0.00,0.00,301011,21.72,不复权，正常交易,,,
2026-04-28,301011,20.820,19.360,20.820,18.950,6844390,132507390.40,9.87,-11.44,-2.50,0.00,301011,21.86,不复权，正常交易,,,
2026-04-29,301011,19.230,19.820,20.360,19.200,3916767,77630321.94,6.04,2.38,0.46,0.00,301011,19.36,不复权，正常交易,,,
2026-04-30,301011,19.94,19.91,20.28,19.7,1744939,NaN,2.85,-2.21,-0.45,17449.39,,20.36,不复权，正常交易,,,
2026-05-06,301011,20.28,19.8,20.38,19.7,2538258,NaN,3.35,-2.37,-0.48,25382.58,,20.28,不复权，正常交易,,,
2026-05-07,301011,19.78,20.1,20.23,19.78,2496585,NaN,2.27,1.52,0.30,24965.85,,19.80,不复权，正常交易,,,
2026-05-08,301011,20.2,20.33,20.42,20.03,2046262,NaN,1.94,1.14,0.23,20462.62,,20.10,不复权，正常交易,,,
2026-05-11,301011,20.49,20.23,20.6,20.08,1954656,NaN,2.55,-0.93,-0.19,19546.56,,20.42,不复权，正常交易,,,
2026-05-12,301011,20.23,19.91,20.28,19.76,2007955,NaN,2.52,-3.35,-0.69,20079.55,,20.60,不复权，正常交易,,,
2026-05-13,301011,19.79,20,20,19.71,1677720,NaN,1.43,-1.38,-0.28,16777.20,,20.28,不复权，正常交易,,,
2026-05-14,301011,20.12,19.67,20.22,19.58,1686573,NaN,3.20,-1.65,-0.33,16865.73,,20.00,不复权，正常交易,,,
2026-05-15,301011,19.79,19.29,19.85,19.21,2111070,NaN,3.17,-4.60,-0.93,21110.70,,20.22,不复权，正常交易,,,
2026-05-18,301011,19.28,19.06,19.4,18.86,2667264,nan,2.72,-3.98,-0.79,nan,nan,19.85,不复权，正常交易,,,
2026-05-19,301011,19.18,19.17,19.47,19.0,1596878,nan,2.47,0.58,0.11,nan,nan,19.06,不复权，正常交易,,,
2026-05-20,301011,19.1,18.49,19.23,18.4,2347812,nan,4.33,-3.55,-0.68,nan,nan,19.17,不复权，正常交易,,,
2026-05-21,301011,18.67,18.26,19.15,18.18,2567238,nan,5.25,-1.24,-0.23,nan,nan,18.49,不复权，正常交易,,,
2026-05-22,301011,18.37,18.25,18.7,17.95,1984896,nan,4.11,-0.05,-0.01,nan,nan,18.26,不复权，正常交易,,,
2026-05-25,301011,18.38,17.74,18.45,17.61,2507284.0,nan,4.49,-5.13,-0.96,25072.84,,18.70,不复权，正常交易,,,
2026-05-26,301011,17.71,17.7,17.97,17.52,2064796.0,nan,2.44,-4.07,-0.75,20647.96,,18.45,不复权，正常交易,,,
2026-05-27,301011,17.72,16.92,17.72,16.81,3944818.0,nan,5.06,-5.84,-1.05,39448.18,,17.97,不复权，正常交易,,,
2026-05-28,301011,16.89,17.1,17.19,16.56,2390210.0,nan,3.56,-3.50,-0.62,23902.10,,17.72,不复权，正常交易,,,
2026-05-29,301011,17.08,16.7,17.25,16.68,2100603.0,nan,3.32,-2.85,-0.49,21006.03,,17.19,不复权，正常交易,,,
2026-06-01,301011,16.95,17.28,17.44,16.81,2386831.0,nan,3.65,0.17,0.03,23868.31,,17.25,不复权，正常交易,,,
2026-06-02,301011,17.34,16.87,17.37,16.59,2263534.0,nan,4.47,-3.27,-0.57,22635.34,,17.44,不复权，正常交易,,,
2026-06-03,301011,16.89,16.43,16.89,16.28,2270480.0,nan,3.51,-5.41,-0.94,22704.80,,17.37,不复权，正常交易,,,
2026-06-04,301011,16.37,16.13,16.44,16.01,1630225.0,nan,2.55,-4.50,-0.76,16302.25,,16.89,不复权，正常交易,,,
2026-06-05,301011,16.09,16.45,16.62,15.94,3321675.0,nan,4.14,0.06,0.01,33216.75,,16.44,不复权，正常交易,,,
2026-06-08,301011,16.13,16.0,16.73,15.76,2662548.0,nan,5.84,-3.73,-0.62,26625.48,,16.62,不复权，正常交易,,,
2026-06-09,301011,16.28,16.15,16.38,15.94,2248030.0,nan,2.63,-3.47,-0.58,22480.30,,16.73,不复权，正常交易,,,
2026-06-10,301011,16.15,15.96,16.3,15.73,1487174.0,nan,3.48,-2.56,-0.42,14871.74,,16.38,不复权，正常交易,,,
2026-06-11,301011,15.81,15.53,15.9,15.31,2260007.0,nan,3.62,-4.72,-0.77,22600.07,,16.30,不复权，正常交易,,,
2026-06-12,301011,15.82,16.0,16.08,15.5,2365110.0,nan,3.65,0.63,0.10,23651.10,,15.90,不复权，正常交易,,,
2026-06-15,301011,16.09,15.86,16.3,15.66,2107014.0,nan,3.98,-1.37,-0.22,21070.14,,16.08,不复权，正常交易,,,
2026-06-16,301011,15.84,16.0,16.16,15.58,1870242.0,nan,3.56,-1.84,-0.30,18702.42,,16.30,不复权，正常交易,,,
2026-06-17,301011,15.81,15.68,16.05,15.55,1908800.0,nan,3.09,-2.97,-0.48,19088.00,,16.16,不复权，正常交易,,,
2026-06-18,301011,15.83,15.43,15.83,15.24,1687785.0,nan,3.68,-3.86,-0.62,16877.85,,16.05,不复权，正常交易,,,
2026-06-22,301011,15.38,15.52,15.63,14.81,2678077.0,nan,5.18,-1.96,-0.31,26780.77,,15.83,不复权，正常交易,,,
2026-06-23,301011,15.36,15.67,15.92,15.34,2188750.0,nan,3.71,0.26,0.04,21887.50,,15.63,不复权，正常交易,,,
2026-06-24,301011,15.7,14.96,15.7,14.8,2405284.0,nan,5.65,-6.03,-0.96,24052.84,,15.92,不复权，正常交易,,,
2026-06-25,301011,15.47,14.85,15.5,14.71,3091571.0,nan,5.03,-5.41,-0.85,30915.71,,15.70,不复权，正常交易,,,
2026-06-26,301011,15.25,14.4,15.25,14.16,2604243.0,nan,7.03,-7.10,-1.10,26042.43,,15.50,不复权，正常交易,,,
2026-06-29,301011,14.6,14.34,14.6,13.92,2407900.0,nan,4.46,-5.97,-0.91,24079.00,,15.25,不复权，正常交易,,,
2026-06-30,301011,14.33,14.14,14.54,14.03,2014506.0,nan,3.49,-3.15,-0.46,20145.06,,14.60,不复权，正常交易,,,
2026-07-01,301011,14.14,14.35,14.68,14.0,3168330.0,nan,4.68,-1.31,-0.19,31683.30,,14.54,不复权，正常交易,,,
2026-07-02,301011,14.36,14.32,14.77,14.24,2573859.0,nan,3.61,-2.45,-0.36,25738.59,,14.68,不复权，正常交易,,,
2026-07-03,301011,14.51,14.8,14.85,14.31,2615738.0,nan,3.77,3.35,0.48,26157.38,,14.32,不复权，正常交易,,,
2026-07-06,301011,14.74,14.45,15.42,14.45,2813358.0,nan,6.53,-2.69,-0.40,28133.58,,14.85,不复权，正常交易,,,
2026-07-07,301011,14.45,14.19,14.74,14.09,2824200.0,nan,4.22,-7.98,-1.23,28242.00,,15.42,不复权，正常交易,,,
2026-07-08,301011,14.16,13.92,14.3,13.76,2124470.0,nan,3.66,-5.56,-0.82,21244.70,,14.74,不复权，正常交易,,,
2026-07-09,301011,13.93,13.89,14.26,13.62,2061790.0,nan,4.48,-2.87,-0.41,20617.90,,14.30,不复权，正常交易,,,
2026-07-10,301011,14.0,14.31,14.57,13.53,3021800.0,nan,7.29,0.35,0.05,30218.00,,14.26,不复权，正常交易,,,
2026-07-20,301011,14.51,14.02,14.79,13.76,4747774.0,67972143.5,7.18,-2.23,-0.32,3.24,,14.02,不复权，正常交易,,,
2026-07-21,301011,14.05,13.79,14.08,13.41,4671289.0,64266804.88,4.78,-1.64,-0.23,3.18,,14.02,不复权，正常交易,,,
2026-07-22,301011,13.67,13.47,13.95,13.4,2412059.0,32768343.07,3.99,-2.32,-0.32,1.64,,13.79,不复权，正常交易,,,
2026-07-23,301011,13.6,13.88,13.91,13.22,2405174.0,32636670.68,5.12,3.04,0.41,1.64,,13.47,不复权，正常交易,,,
2026-07-24,301011,13.64,13.35,13.79,13.33,1486959.0,20111631.83,3.31,-3.82,-0.53,1.01,,13.88,不复权，正常交易,,,
2026-07-27,301011,13.48,13.8,13.95,13.3,1973200.0,27122376.6,4.87,3.37,0.45,1.35,,13.35,不复权，正常交易,,,
2026-07-28,301011,13.78,13.89,14.16,13.78,1550145.0,21667445.3,2.75,0.65,0.09,1.06,,13.80,不复权，正常交易,,,
2026-07-29,301011,13.89,14.28,14.36,13.89,2254530.0,32085314.8,3.38,2.81,0.39,1.54,,13.89,不复权，正常交易,,,
2026-07-30,301011,14.2,14.14,14.6,14.09,2560276.0,36794190.4,3.57,-0.98,-0.14,1.75,,14.28,不复权，正常交易,,,
2026-07-31,301011,14.25,14.74,14.74,14.15,2516226.0,36566983.22,4.17,4.24,0.60,1.72,,14.14,不复权，正常交易,,,
2026-08-03,301011,14.6,15.06,15.07,14.56,2680973.0,39814426.64,3.46,2.17,0.32,1.83,,14.74,不复权，正常交易,,,
2026-08-04,301011,15.0,15.13,15.27,14.95,2734300.0,41401519.0,2.12,0.46,0.07,1.86,,15.06,不复权，正常交易,,,
2026-08-05,301011,15.0,15.07,15.33,14.91,2505800.0,37877742.0,2.78,-0.40,-0.06,1.71,,15.13,不复权，正常交易,,,
2026-08-06,301011,15.08,15.04,15.29,14.81,2028800.0,30611180.0,3.19,-0.20,-0.03,1.38,,15.07,不复权，正常交易,,,
2026-08-07,301011,15.0,14.85,15.09,14.53,2170900.0,32011185.0,3.72,-1.26,-0.19,1.48,,15.04,不复权，正常交易,,,
2026-08-10,301011,14.92,15.39,15.45,14.72,2871048.0,43703484.33,4.92,3.64,0.54,1.96,,14.85,不复权，正常交易,,,
2026-08-11,301011,15.56,15.26,15.59,15.06,1788300.0,27290175.0,3.44,-0.84,-0.13,1.22,,15.39,不复权，正常交易,,,
2026-08-12,301011,15.39,15.44,15.49,15.2,1804221.0,27764567.19,1.90,1.18,0.18,1.23,,15.26,不复权，正常交易,,,
2026-08-13,301011,15.5,15.07,15.5,15.05,1593500.0,24285118.0,2.91,-2.40,-0.37,1.09,,15.44,不复权，正常交易,,,
2026-08-14,301011,15.1,14.96,15.16,14.75,1712700.0,25543644.0,2.72,-0.73,-0.11,1.17,,15.07,不复权，正常交易,,,
2026-08-17,301011,15.0,15.3,15.49,14.7,2100400.0,31789696.0,5.28,2.27,0.34,1.43,,14.96,不复权，正常交易,,,
2026-08-18,301011,15.73,15.2,15.73,15.06,1993797.0,30397268.61,4.38,-0.65,-0.10,1.36,,15.30,不复权，正常交易,,,
2026-08-19,301011,15.05,14.59,15.19,14.55,2242000.0,33078145.0,4.21,-4.01,-0.61,1.53,,15.20,不复权，正常交易,,,
2026-08-20,301011,14.85,15.07,15.15,14.69,2271300.0,34081135.67,3.15,3.29,0.48,1.55,,14.59,不复权，正常交易,,,
2026-08-21,301011,15.02,14.8,15.08,14.62,1578166.0,23348391.44,3.05,-1.79,-0.27,1.08,,15.07,不复权，正常交易,,,
2026-08-24,301011,14.81,14.64,15.04,14.5,1563200.0,22915450.0,3.65,-1.08,-0.16,1.07,,14.80,不复权，正常交易,,,
2026-08-25,301011,14.73,15.29,15.34,14.6,2257073.0,34035007.17,5.05,4.44,0.65,1.54,,14.64,不复权，正常交易,,,
2026-08-26,301011,15.36,15.32,15.45,15.21,1789000.0,27454917.0,1.57,0.20,0.03,1.22,,15.29,不复权，正常交易,,,
2026-08-27,301011,15.01,14.66,15.08,14.25,4450500.0,64984238.4,5.42,-4.31,-0.66,3.03,,15.32,不复权，正常交易,,,
2026-08-28,301011,14.75,14.87,15.32,14.67,3027893.0,45346711.04,4.43,1.43,0.21,2.06,,14.66,不复权，正常交易,,,
2026-08-31,301011,14.82,15.07,15.14,14.65,2213100.0,33144203.58,3.30,1.34,0.20,1.51,,14.87,不复权，正常交易,,,
2026-09-01,301011,15.17,15.4,15.47,15.08,2351471.0,36105583.63,2.59,2.19,0.33,1.60,,15.07,不复权，正常交易,,,
2026-09-02,301011,15.31,15.31,15.49,15.02,2081856.0,31682629.14,3.05,-0.58,-0.09,1.42,,15.31,不复权，正常交易,,,
2026-09-03,301011,15.23,14.99,15.71,14.96,2433700.0,37155180.0,4.90,-2.09,-0.32,1.66,,14.99,不复权，正常交易,,,
2026-09-04,301011,15.03,15.28,15.58,15.03,3228861.0,49766197.13,3.67,1.93,0.29,2.20,,15.28,不复权，正常交易,,,
2026-09-07,301011,15.3,15.75,15.99,15.23,3815600.0,59608204.0,4.97,3.08,0.47,2.60,,15.75,不复权，正常交易,,,
2026-09-08,301011,15.7,15.97,16.08,15.58,2960045.0,47055876.0,3.17,1.40,0.22,2.02,,15.97,不复权，正常交易,,,
2026-09-09,301011,15.84,15.63,16.06,15.55,2685037.0,42090684.68,3.19,-2.13,-0.34,1.83,,15.63,不复权，正常交易,,,
2026-09-10,301011,15.6,15.04,15.6,15.02,2266656.0,34435522.45,3.71,-3.77,-0.59,1.55,,15.04,不复权，正常交易,,,
2026-09-11,301011,15.05,14.54,15.05,14.44,3155771.0,46173739.15,4.06,-3.32,-0.50,2.15,,14.54,不复权，正常交易,,,
2026-09-14,301011,14.64,14.44,14.65,14.36,1837400.0,26660548.0,1.99,-0.69,-0.10,1.25,,14.44,不复权，正常交易,,,
2026-09-15,301011,14.46,13.89,14.5,13.89,2228499.0,31443610.91,4.22,-3.81,-0.55,1.52,,13.89,不复权，正常交易,,,
2026-09-16,301011,13.86,14.09,14.22,13.7,1802800.0,25268696.62,3.74,1.44,0.20,1.23,,14.09,不复权，正常交易,,,
2026-09-17,301011,14.15,14.63,14.74,13.82,2810261.0,40338153.19,6.53,3.83,0.54,1.92,,14.63,不复权，正常交易,,,
2026-09-18,301011,14.68,15.6,17.21,14.51,10092817.0,159630600.34,18.46,6.63,0.97,6.88,,15.60,不复权，正常交易,,,
2026-09-21,301011,15.49,15.96,16.11,15.0,9162632.0,142317499.83,7.12,2.31,0.36,6.25,,15.96,不复权，正常交易,,,
2026-09-22,301011,15.82,16.33,16.56,15.82,6457417.0,104676805.5,4.64,2.32,0.37,4.40,,16.33,不复权，正常交易,,,
2026-09-23,301011,16.2,15.86,16.42,15.86,4256566.0,68401111.7,3.43,-2.88,-0.47,2.90,,15.86,不复权，正常交易,,,
2026-09-24,301011,16.0,15.96,16.19,15.67,3438007.0,54841274.46,3.28,0.63,0.10,2.34,,15.96,不复权，正常交易,,,
2026-09-28,301011,15.9,15.35,16.2,15.3,3278009.0,50806570.87,5.64,-3.82,-0.61,2.23,,15.35,不复权，正常交易,,,
2026-09-29,301011,15.36,15.66,15.72,15.24,3274400.0,50761707.56,3.13,2.02,0.31,2.23,,15.66,不复权，正常交易,,,
2026-09-30,301011,15.66,15.4,15.96,15.31,2336038.0,36283668.58,4.15,-1.66,-0.26,1.59,,15.40,不复权，正常交易,,,
2026-10-08,301011,15.41,15.22,15.94,15.14,2494800.0,38642445.0,5.19,-1.17,-0.18,1.70,,15.22,不复权，正常交易,,,
2026-10-09,301011,15.19,15.48,15.58,14.57,3071400.0,46260539.0,6.64,1.71,0.26,2.09,,15.48,不复权，正常交易,,,
