日期,股票代码,开盘,收盘,最高,最低,成交量,成交额,振幅,涨跌幅,涨跌额,换手率,股票名称,前收盘,复权状态,交易状态,动态市盈率,动态市现率,动态市净率
2022-03-11,600629,7.350,7.370,7.440,7.070,8927361,65794650.57,5.23,-1.47,-0.11,0.00,600629,7.48,不复权,正常交易,,,
2022-03-14,600629,7.250,7.140,7.410,7.110,5532249,39500257.86,4.22,-3.12,-0.23,0.00,600629,7.37,不复权,正常交易,,,
2022-03-15,600629,7.100,6.820,7.320,6.810,9823717,66997749.94,7.49,-4.48,-0.32,0.00,600629,7.14,不复权,正常交易,,,
2022-03-16,600629,6.900,7.140,7.230,6.730,10013067,71493298.38,7.43,4.69,0.32,0.00,600629,6.82,不复权,正常交易,,,
2022-03-17,600629,7.150,7.070,7.350,7.070,7799652,55143539.64,3.96,-0.98,-0.07,0.00,600629,7.14,不复权,正常交易,,,
2022-03-18,600629,7.100,7.510,7.570,7.080,13282718,99753212.18,6.92,6.22,0.44,0.00,600629,7.07,不复权,正常交易,,,
2022-03-21,600629,7.660,7.720,7.770,7.550,14007876,108140802.72,2.91,2.80,0.21,0.00,600629,7.51,不复权,正常交易,,,
2022-03-22,600629,7.690,7.830,8.020,7.540,18317950,143429548.50,6.37,1.42,0.11,0.00,600629,7.72,不复权,正常交易,,,
2022-03-23,600629,7.810,7.680,7.920,7.660,11063460,84967372.80,3.39,-1.92,-0.15,0.00,600629,7.83,不复权,正常交易,,,
2022-03-24,600629,7.720,7.530,7.720,7.500,7737403,58262644.59,2.93,-1.95,-0.15,0.00,600629,7.68,不复权,正常交易,,,
2022-03-25,600629,7.550,7.530,7.760,7.440,8481465,63865431.45,4.30,0.00,0.00,0.00,600629,7.53,不复权,正常交易,,,
2022-03-28,600629,7.430,7.610,7.650,7.370,6129188,46643120.68,3.80,1.06,0.08,0.00,600629,7.53,不复权,正常交易,,,
2022-03-29,600629,7.570,7.490,7.650,7.440,5669639,42465596.11,2.82,-1.58,-0.12,0.00,600629,7.61,不复权,正常交易,,,
2022-03-30,600629,7.490,7.900,8.090,7.470,17613511,139146736.90,8.30,5.47,0.41,0.00,600629,7.49,不复权,正常交易,,,
2022-03-31,600629,7.960,8.210,8.300,7.930,23487630,192833442.30,4.67,3.92,0.31,0.00,600629,7.90,不复权,正常交易,,,
2022-04-01,600629,8.100,7.910,8.100,7.810,13899058,109941548.78,3.71,-3.65,-0.30,0.00,600629,8.21,不复权,正常交易,,,
2022-04-06,600629,7.940,8.060,8.080,7.780,11427095,92102385.70,3.86,1.90,0.15,0.00,600629,7.91,不复权,正常交易,,,
2022-04-07,600629,8.050,7.840,8.100,7.830,10097657,79165630.88,3.45,-2.73,-0.22,0.00,600629,8.06,不复权,正常交易,,,
2022-04-08,600629,7.800,8.310,8.430,7.800,23715018,197071799.58,8.08,5.99,0.47,0.00,600629,7.84,不复权,正常交易,,,
2022-04-11,600629,8.480,8.500,8.770,8.200,30556404,259729434.00,6.95,2.29,0.19,0.00,600629,8.31,不复权,正常交易,,,
2022-04-12,600629,8.300,9.350,9.350,8.150,28263993,264268334.55,14.72,10.00,0.85,0.00,600629,8.50,不复权,正常交易,,,
2022-04-13,600629,9.200,8.420,9.200,8.420,33237519,279859909.98,9.26,-9.95,-0.93,0.00,600629,9.35,不复权,正常交易,,,
2022-04-14,600629,8.040,8.160,8.420,7.920,24983823,203867995.68,6.31,-3.09,-0.26,0.00,600629,8.42,不复权,正常交易,,,
2022-04-15,600629,8.110,7.620,8.370,7.500,21013342,160121666.04,11.60,-6.62,-0.54,0.00,600629,8.16,不复权,正常交易,,,
2022-04-18,600629,7.410,7.460,7.820,7.280,12011929,89608990.34,7.42,-2.10,-0.16,0.00,600629,7.62,不复权,正常交易,,,
2022-04-19,600629,7.390,7.590,7.600,7.310,7448082,56530942.38,3.97,1.74,0.13,0.00,600629,7.46,不复权,正常交易,,,
2022-04-20,600629,7.590,7.450,7.760,7.380,7539917,56172381.65,5.15,-1.84,-0.14,0.00,600629,7.59,不复权,正常交易,,,
2022-04-21,600629,7.410,6.880,7.410,6.820,12126820,83432521.60,8.65,-7.65,-0.57,0.00,600629,7.45,不复权,正常交易,,,
2022-04-22,600629,6.880,6.770,6.960,6.670,6973148,47208211.96,4.35,-1.60,-0.11,0.00,600629,6.88,不复权,正常交易,,,
2022-04-25,600629,6.640,6.520,6.940,6.520,8149088,53132053.76,6.44,-3.69,-0.25,0.00,600629,6.77,不复权,正常交易,,,
2022-04-26,600629,6.460,6.510,6.780,6.450,8069500,52532445.00,5.12,-0.15,-0.01,0.00,600629,6.52,不复权,正常交易,,,
2022-04-27,600629,6.660,6.860,6.880,6.560,12632802,86661021.72,4.88,5.38,0.35,0.00,600629,6.51,不复权,正常交易,,,
2022-04-28,600629,6.720,7.020,7.070,6.620,12828089,90053184.78,6.80,2.33,0.16,0.00,600629,6.86,不复权,正常交易,,,
2022-04-29,600629,7.000,7.140,7.250,6.880,12539056,89528859.84,5.38,1.71,0.12,0.00,600629,7.02,不复权,正常交易,,,
2022-05-05,600629,7.150,7.360,7.480,7.040,14755500,108600480.00,6.25,3.08,0.22,0.00,600629,7.14,不复权,正常交易,,,
2022-05-06,600629,7.140,7.100,7.230,7.000,9885798,70189165.80,3.29,-3.53,-0.26,0.00,600629,7.36,不复权,正常交易,,,
2022-05-09,600629,7.180,7.360,7.440,7.170,9524109,70097442.24,3.77,3.66,0.26,0.00,600629,7.10,不复权,正常交易,,,
2022-05-10,600629,7.260,7.990,8.090,7.230,18038722,144129388.78,11.89,8.56,0.63,0.00,600629,7.36,不复权,正常交易,,,
2022-05-11,600629,7.970,7.710,8.160,7.710,18648416,143779287.36,5.84,-3.50,-0.28,0.00,600629,7.99,不复权,正常交易,,,
2022-05-12,600629,7.620,7.900,7.980,7.610,13781779,108876054.10,4.86,2.46,0.19,0.00,600629,7.71,不复权,正常交易,,,
2022-05-13,600629,7.890,7.830,7.960,7.720,8938212,69986199.96,3.11,-0.89,-0.07,0.00,600629,7.90,不复权,正常交易,,,
2022-05-16,600629,7.820,7.900,7.910,7.700,7853540,62042966.00,2.73,0.89,0.07,0.00,600629,7.83,不复权,正常交易,,,
2022-05-17,600629,7.910,7.890,7.920,7.550,10625025,83831447.25,4.90,-0.13,-0.01,0.00,600629,7.90,不复权,正常交易,,,
2022-05-18,600629,7.870,8.680,8.680,7.810,35014236,303923568.48,11.14,10.01,0.79,0.00,600629,7.89,不复权,正常交易,,,
2022-05-19,600629,8.730,8.480,8.930,8.390,42201606,357869618.88,6.44,-2.30,-0.20,0.00,600629,8.68,不复权,正常交易,,,
2022-05-20,600629,8.400,8.190,8.440,7.980,29592672,242363983.68,5.76,-3.42,-0.29,0.00,600629,8.48,不复权,正常交易,,,
2022-05-23,600629,8.000,7.960,8.030,7.820,16500531,131344226.76,2.69,-2.81,-0.23,0.00,600629,8.19,不复权,正常交易,,,
2022-05-24,600629,8.040,7.160,8.060,7.160,28608104,204834024.64,12.57,-10.05,-0.80,0.00,600629,7.96,不复权,正常交易,,,
2022-05-25,600629,7.000,7.190,7.210,6.990,11678100,83965539.00,3.15,0.42,0.03,0.00,600629,7.16,不复权,正常交易,,,
2022-05-26,600629,7.190,7.300,7.490,7.120,14609804,106651569.20,5.20,1.53,0.11,0.00,600629,7.19,不复权,正常交易,,,
2022-05-27,600629,7.370,7.840,8.000,7.220,26464848,207484408.32,10.80,7.40,0.54,0.00,600629,7.30,不复权,正常交易,,,
2022-05-30,600629,7.990,8.190,8.330,7.850,26212091,214677025.29,6.11,4.46,0.35,0.00,600629,7.84,不复权,正常交易,,,
2022-05-31,600629,8.170,8.000,8.220,7.870,17696141,141569128.00,4.45,-2.32,-0.19,0.00,600629,8.19,不复权,正常交易,,,
2022-06-01,600629,7.980,7.950,7.980,7.800,10042296,79836253.20,2.31,-0.62,-0.05,0.00,600629,8.00,不复权,正常交易,,,
2022-06-02,600629,7.980,7.750,7.990,7.690,12093052,93721153.00,3.90,-2.52,-0.20,0.00,600629,7.95,不复权,正常交易,,,
2022-06-06,600629,7.750,7.580,7.750,7.500,10890499,82549982.42,3.33,-2.19,-0.17,0.00,600629,7.75,不复权,正常交易,,,
2022-06-07,600629,7.580,7.550,7.630,7.400,8132352,61399257.60,3.11,-0.40,-0.03,0.00,600629,7.58,不复权,正常交易,,,
2022-06-08,600629,7.550,7.470,7.660,7.310,8648667,64605542.49,4.79,-1.06,-0.08,0.00,600629,7.55,不复权,正常交易,,,
2022-06-09,600629,7.410,7.830,7.830,7.370,16518419,129339220.77,6.24,4.82,0.36,0.00,600629,7.47,不复权,正常交易,,,
2022-06-10,600629,7.790,7.700,7.790,7.530,11812054,90952815.80,3.45,-1.66,-0.13,0.00,600629,7.83,不复权,正常交易,,,
2022-06-13,600629,7.600,7.370,7.610,7.250,11029259,81285638.83,4.97,-4.29,-0.33,0.00,600629,7.70,不复权,正常交易,,,
2022-06-14,600629,7.320,7.410,7.500,7.200,6934325,51383348.25,4.17,0.54,0.04,0.00,600629,7.37,不复权,正常交易,,,
2022-06-15,600629,7.410,7.360,7.550,7.300,7571165,55723774.40,3.42,-0.67,-0.05,0.00,600629,7.41,不复权,正常交易,,,
2022-06-16,600629,7.350,7.320,7.430,7.240,6376640,46677004.80,2.62,-0.54,-0.04,0.00,600629,7.36,不复权,正常交易,,,
2022-06-17,600629,7.340,7.260,7.350,7.090,6620968,48068227.68,3.67,-0.82,-0.06,0.00,600629,7.32,不复权,正常交易,,,
2022-06-20,600629,7.220,7.410,7.480,7.220,6511060,48246954.60,3.60,2.07,0.15,0.00,600629,7.26,不复权,正常交易,,,
2022-06-21,600629,7.400,7.300,7.470,7.230,4741016,34609416.80,3.32,-1.48,-0.11,0.00,600629,7.41,不复权,正常交易,,,
2022-06-22,600629,7.300,7.100,7.350,7.100,4331081,30750675.10,3.52,-2.74,-0.20,0.00,600629,7.30,不复权,正常交易,,,
2022-06-23,600629,7.120,7.230,7.270,7.090,3853000,27857190.00,2.54,1.83,0.13,0.00,600629,7.10,不复权,正常交易,,,
2022-06-24,600629,7.270,7.160,7.280,7.130,4398220,31491255.20,2.10,-0.97,-0.07,0.00,600629,7.23,不复权,正常交易,,,
2022-06-27,600629,7.160,7.160,7.220,7.120,3173379,22721393.64,1.40,0.00,0.00,0.00,600629,7.16,不复权,正常交易,,,
2022-06-28,600629,7.160,7.230,7.240,7.110,3728486,26956953.78,1.83,0.98,0.07,0.00,600629,7.16,不复权,正常交易,,,
2022-06-29,600629,7.190,7.340,7.450,7.190,7690553,56448659.02,3.62,1.52,0.11,0.00,600629,7.23,不复权,正常交易,,,
2022-06-30,600629,7.310,7.350,7.410,7.270,4837809,35557896.15,1.93,0.14,0.01,0.00,600629,7.34,不复权,正常交易,,,
2022-07-01,600629,7.400,7.430,7.490,7.290,5752523,42741245.89,2.74,1.09,0.08,0.00,600629,7.35,不复权,正常交易,,,
2022-07-04,600629,7.420,7.330,7.450,7.260,4343550,31838221.50,2.62,-1.35,-0.10,0.00,600629,7.43,不复权,正常交易,,,
2022-07-05,600629,7.270,7.270,7.350,7.180,4433884,32234336.68,2.37,-0.82,-0.06,0.00,600629,7.33,不复权,正常交易,,,
2022-07-06,600629,7.220,7.080,7.280,7.030,4421376,31303342.08,3.56,-2.61,-0.19,0.00,600629,7.27,不复权,正常交易,,,
2022-07-07,600629,7.060,7.070,7.130,7.030,2923828,20671463.96,1.42,-0.14,-0.01,0.00,600629,7.08,不复权,正常交易,,,
2022-07-08,600629,7.070,7.110,7.180,7.070,2689816,19124591.76,1.56,0.57,0.04,0.00,600629,7.07,不复权,正常交易,,,
2022-07-11,600629,7.100,7.130,7.160,7.070,2404112,17141318.56,1.27,0.28,0.02,0.00,600629,7.11,不复权,正常交易,,,
2022-07-12,600629,7.130,7.310,7.380,7.110,7138454,52182098.74,3.80,2.52,0.18,0.00,600629,7.13,不复权,正常交易,,,
2022-07-13,600629,7.350,7.390,7.470,7.260,6957421,51415341.19,2.89,1.09,0.08,0.00,600629,7.31,不复权,正常交易,,,
2022-07-14,600629,7.390,7.210,7.450,7.200,4723960,34059751.60,3.47,-2.44,-0.18,0.00,600629,7.39,不复权,正常交易,,,
2022-07-15,600629,7.160,6.950,7.190,6.940,4950526,34406155.70,3.60,-3.61,-0.26,0.00,600629,7.21,不复权,正常交易,,,
2022-07-18,600629,6.940,7.110,7.130,6.920,3892081,27672695.91,3.03,2.30,0.16,0.00,600629,6.95,不复权,正常交易,,,
2022-07-19,600629,7.160,7.210,7.300,7.130,4175432,30104864.72,2.38,1.41,0.10,0.00,600629,7.11,不复权,正常交易,,,
2022-07-20,600629,7.220,7.200,7.260,7.160,2301096,16567891.20,1.40,-0.14,-0.01,0.00,600629,7.21,不复权,正常交易,,,
2022-07-21,600629,7.190,7.080,7.240,7.080,3418480,24202838.40,2.26,-1.67,-0.12,0.00,600629,7.20,不复权,正常交易,,,
2022-07-22,600629,7.130,7.120,7.160,7.040,3306552,23542650.24,1.70,0.56,0.04,0.00,600629,7.08,不复权,正常交易,,,
2022-07-25,600629,5.850,5.780,5.900,5.730,2429340,14041585.20,2.97,-18.82,-1.34,0.00,600629,7.12,不复权,正常交易,,,
2022-07-26,600629,5.750,5.780,5.800,5.630,3496475,20209625.50,3.02,0.00,0.00,0.00,600629,5.78,不复权,正常交易,,,
2022-07-27,600629,5.730,5.670,5.780,5.670,2708796,15358873.32,1.94,-1.90,-0.11,0.00,600629,5.78,不复权,正常交易,,,
2022-07-28,600629,5.700,5.650,5.750,5.630,2803288,15838577.20,2.13,-0.35,-0.02,0.00,600629,5.67,不复权,正常交易,,,
2022-07-29,600629,5.660,5.580,5.670,5.560,2918217,16283650.86,1.98,-1.24,-0.07,0.00,600629,5.65,不复权,正常交易,,,
2022-08-01,600629,5.590,5.530,5.600,5.510,2410004,13327322.12,1.63,-0.90,-0.05,0.00,600629,5.58,不复权,正常交易,,,
2022-08-02,600629,5.520,5.240,5.520,5.150,6466403,33883951.72,7.18,-5.24,-0.29,0.00,600629,5.53,不复权,正常交易,,,
2022-08-03,600629,5.220,5.170,5.380,5.150,3077962,15913063.54,4.47,-1.34,-0.07,0.00,600629,5.24,不复权,正常交易,,,
2022-08-04,600629,5.190,5.250,5.260,5.150,2320420,12182205.00,2.14,1.55,0.08,0.00,600629,5.17,不复权,正常交易,,,
2022-08-05,600629,5.270,5.330,5.330,5.260,2489174,13267297.42,1.33,1.52,0.08,0.00,600629,5.25,不复权,正常交易,,,
2022-08-08,600629,5.340,5.340,5.390,5.300,2010277,10734879.18,1.70,0.19,0.01,0.00,600629,5.33,不复权,正常交易,,,
2022-08-09,600629,5.340,5.280,5.360,5.240,1680914,8875225.92,2.29,-1.12,-0.06,0.00,600629,5.34,不复权,正常交易,,,
2022-08-10,600629,5.290,5.240,5.290,5.220,2095600,10980944.00,1.34,-0.76,-0.04,0.00,600629,5.28,不复权,正常交易,,,
2022-08-11,600629,5.250,5.400,5.450,5.240,4573901,24699065.40,4.01,3.05,0.16,0.00,600629,5.24,不复权,正常交易,,,
2022-08-12,600629,5.410,5.410,5.450,5.330,2811424,15209803.84,2.25,0.19,0.01,0.00,600629,5.40,不复权,正常交易,,,
2022-08-15,600629,5.400,5.380,5.410,5.310,2682120,14429805.60,1.88,-0.55,-0.03,0.00,600629,5.41,不复权,正常交易,,,
2022-08-16,600629,5.380,5.400,5.460,5.370,2275584,12288153.60,1.68,0.37,0.02,0.00,600629,5.38,不复权,正常交易,,,
2022-08-17,600629,5.410,5.420,5.440,5.360,2109260,11432189.20,1.49,0.37,0.02,0.00,600629,5.40,不复权,正常交易,,,
2022-08-18,600629,5.430,5.380,5.440,5.350,2770494,14905257.72,1.68,-0.74,-0.04,0.00,600629,5.42,不复权,正常交易,,,
2022-08-19,600629,5.390,5.350,5.470,5.350,2828645,15133250.75,2.24,-0.56,-0.03,0.00,600629,5.38,不复权,正常交易,,,
2022-08-22,600629,5.340,5.370,5.390,5.320,1657441,8900458.17,1.32,0.37,0.02,0.00,600629,5.35,不复权,正常交易,,,
2022-08-23,600629,5.400,5.360,5.400,5.320,1753001,9396085.36,1.50,-0.19,-0.01,0.00,600629,5.37,不复权,正常交易,,,
2022-08-24,600629,5.360,5.260,5.400,5.240,2382375,12531292.50,3.05,-1.87,-0.10,0.00,600629,5.36,不复权,正常交易,,,
2022-08-25,600629,5.290,5.340,5.370,5.230,2367101,12640319.34,2.68,1.52,0.08,0.00,600629,5.26,不复权,正常交易,,,
2022-08-26,600629,5.380,5.320,5.380,5.300,1545112,8219995.84,1.51,-0.37,-0.02,0.00,600629,5.34,不复权,正常交易,,,
2022-08-29,600629,5.210,5.380,5.390,5.210,1782347,9589026.86,3.45,1.13,0.06,0.00,600629,5.32,不复权,正常交易,,,
2022-08-30,600629,5.380,5.900,5.920,5.380,23030303,135878787.70,10.04,9.67,0.52,0.00,600629,5.38,不复权,正常交易,,,
2022-08-31,600629,5.700,5.620,5.700,5.440,18470353,103803383.86,4.78,-4.75,-0.28,0.00,600629,5.90,不复权,正常交易,,,
2022-09-01,600629,5.530,5.750,5.870,5.490,14321094,82346290.50,6.92,2.31,0.13,0.00,600629,5.62,不复权,正常交易,,,
2022-09-02,600629,5.760,5.800,6.140,5.760,12938077,75040846.60,6.60,0.87,0.05,0.00,600629,5.75,不复权,正常交易,,,
2022-09-05,600629,5.810,6.010,6.130,5.800,11718963,70430967.63,5.69,3.62,0.21,0.00,600629,5.80,不复权,正常交易,,,
2022-09-06,600629,5.970,5.980,6.020,5.920,7660795,45811554.10,1.69,-0.50,-0.03,0.00,600629,6.01,不复权,正常交易,,,
2022-09-07,600629,5.940,6.010,6.010,5.910,6235067,37472752.67,1.69,0.50,0.03,0.00,600629,5.98,不复权,正常交易,,,
2022-09-08,600629,6.040,5.950,6.060,5.890,4852266,28870982.70,2.89,-1.00,-0.06,0.00,600629,6.01,不复权,正常交易,,,
2022-09-09,600629,5.990,5.970,6.040,5.850,4137794,24702630.18,3.25,0.34,0.02,0.00,600629,5.95,不复权,正常交易,,,
2022-09-13,600629,6.000,5.960,6.020,5.930,3607077,21498178.92,1.52,-0.17,-0.01,0.00,600629,5.97,不复权,正常交易,,,
2022-09-14,600629,5.910,5.890,5.960,5.850,3549661,20907503.29,1.88,-1.17,-0.07,0.00,600629,5.96,不复权,正常交易,,,
2022-09-15,600629,5.930,5.960,6.060,5.890,6672125,39765865.00,2.89,1.19,0.07,0.00,600629,5.89,不复权,正常交易,,,
2022-09-16,600629,5.960,5.750,6.020,5.740,5491719,31577384.25,4.88,-3.52,-0.21,0.00,600629,5.96,不复权,正常交易,,,
2022-09-19,600629,5.730,5.690,5.800,5.650,3328102,18936900.38,2.65,-1.04,-0.06,0.00,600629,5.75,不复权,正常交易,,,
2022-09-20,600629,5.720,5.670,5.820,5.630,3336440,18917614.80,3.37,-0.35,-0.02,0.00,600629,5.69,不复权,正常交易,,,
2022-09-21,600629,5.700,5.750,5.760,5.590,2518906,14483709.50,3.04,1.41,0.08,0.00,600629,5.67,不复权,正常交易,,,
2022-09-22,600629,5.700,5.600,5.760,5.570,3255455,18230548.00,3.41,-2.61,-0.15,0.00,600629,5.75,不复权,正常交易,,,
2022-09-23,600629,5.600,5.550,5.730,5.540,2872262,15941054.10,3.43,-0.89,-0.05,0.00,600629,5.60,不复权,正常交易,,,
2022-09-26,600629,5.600,5.360,5.600,5.280,2242869,12021777.84,6.06,-3.42,-0.19,0.00,600629,5.55,不复权,正常交易,,,
2022-09-27,600629,5.420,5.500,5.510,5.340,2326808,12797444.00,3.18,2.61,0.14,0.00,600629,5.36,不复权,正常交易,,,
2022-09-28,600629,5.510,5.380,5.510,5.380,2285280,12294806.40,2.42,-2.18,-0.12,0.00,600629,5.50,不复权,正常交易,,,
2022-09-29,600629,5.390,5.320,5.480,5.310,2205426,11732866.32,3.20,-1.12,-0.06,0.00,600629,5.38,不复权,正常交易,,,
2022-09-30,600629,5.320,5.360,5.460,5.260,2659660,14255777.60,3.80,0.75,0.04,0.00,600629,5.32,不复权,正常交易,,,
2022-10-10,600629,5.390,5.220,5.400,5.190,2020637,10547725.14,4.05,-2.61,-0.14,0.00,600629,5.36,不复权,正常交易,,,
2022-10-11,600629,5.200,5.200,5.260,5.110,1502024,7810524.80,2.94,-0.38,-0.02,0.00,600629,5.22,不复权,正常交易,,,
2022-10-12,600629,5.200,5.290,5.290,5.140,1625488,8598831.52,2.92,1.73,0.09,0.00,600629,5.20,不复权,正常交易,,,
2022-10-13,600629,5.240,5.220,5.300,5.210,2062100,10764162.00,1.73,-1.32,-0.07,0.00,600629,5.29,不复权,正常交易,,,
2022-10-14,600629,5.250,5.290,5.310,5.240,2134565,11291848.85,1.34,1.34,0.07,0.00,600629,5.22,不复权,正常交易,,,
2022-10-17,600629,5.260,5.330,5.360,5.230,1784421,9510963.93,2.49,0.76,0.04,0.00,600629,5.29,不复权,正常交易,,,
2022-10-18,600629,5.340,5.360,5.430,5.320,1984296,10635826.56,2.07,0.56,0.03,0.00,600629,5.33,不复权,正常交易,,,
2022-10-19,600629,5.330,5.330,5.410,5.320,1483140,7905136.20,1.69,-0.56,-0.03,0.00,600629,5.36,不复权,正常交易,,,
2022-10-20,600629,5.300,5.320,5.380,5.250,1504494,8003908.08,2.48,-0.19,-0.01,0.00,600629,5.33,不复权,正常交易,,,
2022-10-21,600629,5.320,5.310,5.390,5.310,1584084,8411486.04,1.51,-0.19,-0.01,0.00,600629,5.32,不复权,正常交易,,,
2022-10-24,600629,5.290,4.780,5.290,4.780,22899572,109459954.16,10.67,-9.98,-0.53,0.00,600629,5.31,不复权,正常交易,,,
2022-10-25,600629,4.620,4.460,4.620,4.360,26630287,118771080.02,5.96,-6.69,-0.32,0.00,600629,4.78,不复权,正常交易,,,
2022-10-26,600629,4.420,4.470,4.500,4.410,11973777,53522783.19,2.04,0.22,0.01,0.00,600629,4.46,不复权,正常交易,,,
2022-10-27,600629,4.470,4.420,4.540,4.400,12189600,53878032.00,3.18,-1.12,-0.05,0.00,600629,4.47,不复权,正常交易,,,
2022-10-28,600629,4.400,4.200,4.400,4.170,16929469,71103769.80,5.52,-4.98,-0.22,0.00,600629,4.42,不复权,正常交易,,,
2022-10-31,600629,4.200,4.340,4.430,4.190,15455106,67075160.04,5.73,3.33,0.14,0.00,600629,4.20,不复权,正常交易,,,
2022-11-01,600629,4.360,4.460,4.500,4.360,11608447,51773673.62,3.21,2.76,0.12,0.00,600629,4.34,不复权,正常交易,,,
2022-11-02,600629,4.450,4.540,4.570,4.430,11372181,51629701.74,3.16,1.79,0.08,0.00,600629,4.46,不复权,正常交易,,,
2022-11-03,600629,4.500,4.540,4.560,4.480,7181640,32604645.60,1.79,0.00,0.00,0.00,600629,4.54,不复权,正常交易,,,
2022-11-04,600629,4.560,4.560,4.600,4.510,9845440,44895206.40,2.00,0.44,0.02,0.00,600629,4.54,不复权,正常交易,,,
2022-11-07,600629,4.560,4.630,4.670,4.540,10291042,47647524.46,2.86,1.54,0.07,0.00,600629,4.56,不复权,正常交易,,,
2022-11-08,600629,4.600,4.630,4.650,4.570,9860703,45655054.89,1.75,0.00,0.00,0.00,600629,4.63,不复权,正常交易,,,
2022-11-09,600629,4.650,4.660,4.720,4.630,10725773,49982102.18,1.94,0.65,0.03,0.00,600629,4.63,不复权,正常交易,,,
2022-11-10,600629,4.660,4.690,4.720,4.580,9384947,44015401.43,3.06,0.64,0.03,0.00,600629,4.66,不复权,正常交易,,,
2022-11-11,600629,4.750,4.770,4.810,4.680,10020281,47796740.37,2.78,1.71,0.08,0.00,600629,4.69,不复权,正常交易,,,
2022-11-14,600629,4.840,4.800,4.890,4.760,14847383,71267438.40,2.73,0.63,0.03,0.00,600629,4.77,不复权,正常交易,,,
2022-11-15,600629,4.750,4.800,4.820,4.750,8884429,42645259.20,1.47,0.00,0.00,0.00,600629,4.80,不复权,正常交易,,,
2022-11-16,600629,4.800,4.790,4.840,4.760,9238639,44253080.81,1.68,-0.21,-0.01,0.00,600629,4.80,不复权,正常交易,,,
2022-11-17,600629,4.780,4.800,4.840,4.760,6709793,32207006.40,1.68,0.21,0.01,0.00,600629,4.79,不复权,正常交易,,,
2022-11-18,600629,4.800,4.720,4.850,4.710,7964257,37591293.04,2.97,-1.67,-0.08,0.00,600629,4.80,不复权,正常交易,,,
2022-11-21,600629,4.740,4.680,4.740,4.640,8290347,38798823.96,2.16,-0.85,-0.04,0.00,600629,4.72,不复权,正常交易,,,
2022-11-22,600629,4.700,4.710,4.850,4.650,12699598,59815106.58,4.30,0.64,0.03,0.00,600629,4.68,不复权,正常交易,,,
2022-11-23,600629,4.700,4.840,4.890,4.700,18942779,91683050.36,4.04,2.76,0.13,0.00,600629,4.71,不复权,正常交易,,,
2022-11-24,600629,4.840,4.730,4.860,4.710,12336452,58351417.96,3.18,-2.27,-0.11,0.00,600629,4.84,不复权,正常交易,,,
2022-11-25,600629,4.730,4.790,4.850,4.720,10647416,51001122.64,2.75,1.27,0.06,0.00,600629,4.73,不复权,正常交易,,,
2022-11-28,600629,4.750,4.750,4.770,4.670,7302660,34687635.00,2.14,-0.84,-0.04,0.00,600629,4.79,不复权,正常交易,,,
2022-11-29,600629,4.820,4.910,4.950,4.810,14184323,69645025.93,2.91,3.37,0.16,0.00,600629,4.75,不复权,正常交易,,,
2022-11-30,600629,4.990,4.850,5.000,4.830,9183235,44538689.75,3.52,-1.22,-0.06,0.00,600629,4.91,不复权,正常交易,,,
2022-12-01,600629,4.900,4.840,4.920,4.830,8057706,38999297.04,1.86,-0.21,-0.01,0.00,600629,4.85,不复权,正常交易,,,
2022-12-02,600629,4.840,4.890,4.900,4.800,5851846,28615526.94,2.08,1.03,0.05,0.00,600629,4.84,不复权,正常交易,,,
2022-12-05,600629,4.930,5.050,5.060,4.910,14591166,73685388.30,3.05,3.27,0.16,0.00,600629,4.89,不复权,正常交易,,,
2022-12-06,600629,5.010,4.950,5.030,4.920,10413873,51548671.35,2.24,-1.98,-0.10,0.00,600629,5.05,不复权,正常交易,,,
2022-12-07,600629,4.940,4.900,4.950,4.850,8821781,43226726.90,2.06,-1.01,-0.05,0.00,600629,4.95,不复权,正常交易,,,
2022-12-08,600629,4.910,4.900,4.920,4.840,6125397,30014445.30,1.65,0.00,0.00,0.00,600629,4.90,不复权,正常交易,,,
2022-12-09,600629,4.900,4.900,4.920,4.820,6091090,29846341.00,2.07,0.00,0.00,0.00,600629,4.90,不复权,正常交易,,,
2022-12-12,600629,4.900,4.810,4.910,4.810,5358149,25772696.69,2.08,-1.84,-0.09,0.00,600629,4.90,不复权,正常交易,,,
2022-12-13,600629,4.810,4.830,4.890,4.800,4315611,20844401.13,1.87,0.42,0.02,0.00,600629,4.81,不复权,正常交易,,,
2022-12-14,600629,4.860,4.770,4.860,4.760,6562903,31305047.31,2.10,-1.24,-0.06,0.00,600629,4.83,不复权,正常交易,,,
2022-12-15,600629,4.790,4.740,4.810,4.710,6785934,32165327.16,2.12,-0.63,-0.03,0.00,600629,4.77,不复权,正常交易,,,
2022-12-16,600629,4.710,4.750,4.810,4.700,7394844,35125509.00,2.34,0.21,0.01,0.00,600629,4.74,不复权,正常交易,,,
2022-12-19,600629,4.730,4.600,4.820,4.550,8562285,39386511.00,5.93,-3.16,-0.15,0.00,600629,4.75,不复权,正常交易,,,
2022-12-20,600629,4.590,4.560,4.640,4.540,5814380,26513572.80,2.20,-0.87,-0.04,0.00,600629,4.60,不复权,正常交易,,,
2022-12-21,600629,4.560,4.550,4.600,4.500,6048822,27522140.10,2.22,-0.22,-0.01,0.00,600629,4.56,不复权,正常交易,,,
2022-12-22,600629,4.550,4.440,4.590,4.410,6554324,29101198.56,4.08,-2.42,-0.11,0.00,600629,4.55,不复权,正常交易,,,
2022-12-23,600629,4.450,4.460,4.520,4.420,6432460,28688771.60,2.26,0.45,0.02,0.00,600629,4.44,不复权,正常交易,,,
2022-12-26,600629,4.470,4.460,4.480,4.410,6836440,30490522.40,1.59,0.00,0.00,0.00,600629,4.46,不复权,正常交易,,,
2022-12-27,600629,4.420,4.510,4.530,4.420,5913096,26668062.96,2.49,1.12,0.05,0.00,600629,4.46,不复权,正常交易,,,
2022-12-28,600629,4.500,4.420,4.510,4.400,6311428,27896511.76,2.50,-2.00,-0.09,0.00,600629,4.51,不复权,正常交易,,,
2022-12-29,600629,4.420,4.340,4.440,4.330,6811660,29562604.40,2.54,-1.81,-0.08,0.00,600629,4.42,不复权,正常交易,,,
2022-12-30,600629,4.340,4.390,4.400,4.320,5735051,25176873.89,1.85,1.15,0.05,0.00,600629,4.34,不复权,正常交易,,,
2023-01-03,600629,4.390,4.470,4.480,4.380,6306226,28188830.22,2.28,1.82,0.08,0.00,600629,4.39,不复权,正常交易,,,
2023-01-04,600629,4.480,4.550,4.600,4.450,6882020,31313191.00,3.37,1.79,0.08,0.00,600629,4.47,不复权,正常交易,,,
2023-01-05,600629,4.580,4.520,4.610,4.520,5345283,24160679.16,1.99,-0.66,-0.03,0.00,600629,4.55,不复权,正常交易,,,
2023-01-06,600629,4.520,4.490,4.570,4.480,5015444,22519343.56,2.01,-0.66,-0.03,0.00,600629,4.52,不复权,正常交易,,,
2023-01-09,600629,4.490,4.500,4.570,4.480,5168640,23258880.00,2.01,0.22,0.01,0.00,600629,4.49,不复权,正常交易,,,
2023-01-10,600629,4.490,4.450,4.520,4.430,4336216,19296161.20,2.03,-1.11,-0.05,0.00,600629,4.50,不复权,正常交易,,,
2023-01-11,600629,4.440,4.450,4.510,4.440,3915540,17424153.00,1.58,0.00,0.00,0.00,600629,4.45,不复权,正常交易,,,
2023-01-12,600629,4.450,4.420,4.450,4.390,4896710,21643458.20,1.37,-0.67,-0.03,0.00,600629,4.45,不复权,正常交易,,,
2023-01-13,600629,4.430,4.460,4.470,4.420,4227682,18855461.72,1.13,0.90,0.04,0.00,600629,4.42,不复权,正常交易,,,
2023-01-16,600629,4.450,4.530,4.540,4.440,6338330,28712634.90,2.25,1.57,0.07,0.00,600629,4.46,不复权,正常交易,,,
2023-01-17,600629,4.540,4.520,4.570,4.490,4346615,19646699.80,1.78,-0.22,-0.01,0.00,600629,4.53,不复权,正常交易,,,
2023-01-18,600629,4.530,4.540,4.550,4.510,3677773,16697089.42,0.89,0.44,0.02,0.00,600629,4.52,不复权,正常交易,,,
2023-01-19,600629,4.530,4.600,4.610,4.500,5767697,26531406.20,2.44,1.32,0.06,0.00,600629,4.54,不复权,正常交易,,,
2023-01-20,600629,4.630,4.660,4.670,4.590,4615424,21507875.84,1.74,1.30,0.06,0.00,600629,4.60,不复权,正常交易,,,
2023-01-30,600629,4.690,4.700,4.740,4.680,7189327,33789836.90,1.28,0.86,0.04,0.00,600629,4.66,不复权,正常交易,,,
2023-01-31,600629,4.700,4.730,4.740,4.670,5315809,25143776.57,1.50,0.64,0.03,0.00,600629,4.70,不复权,正常交易,,,
2023-02-01,600629,4.740,4.780,4.790,4.700,5392115,25774309.70,1.91,1.06,0.05,0.00,600629,4.73,不复权,正常交易,,,
2023-02-02,600629,4.770,4.780,4.800,4.750,5121160,24479144.80,1.05,0.00,0.00,0.00,600629,4.78,不复权,正常交易,,,
2023-02-03,600629,4.780,4.750,4.780,4.700,4283637,20347275.75,1.70,-0.63,-0.03,0.00,600629,4.78,不复权,正常交易,,,
2023-02-06,600629,4.750,4.780,4.800,4.720,4858732,23224738.96,1.69,0.63,0.03,0.00,600629,4.75,不复权,正常交易,,,
2023-02-07,600629,4.770,4.830,4.830,4.750,7351470,35507600.10,1.68,1.05,0.05,0.00,600629,4.78,不复权,正常交易,,,
2023-02-08,600629,4.840,4.770,4.850,4.770,5829617,27807273.09,1.68,-1.24,-0.06,0.00,600629,4.83,不复权,正常交易,,,
2023-02-09,600629,4.770,4.840,4.880,4.770,8198463,39680560.92,2.31,1.47,0.07,0.00,600629,4.77,不复权,正常交易,,,
2023-02-10,600629,4.850,4.850,4.910,4.830,6278966,30452985.10,1.66,0.21,0.01,0.00,600629,4.84,不复权,正常交易,,,
2023-02-13,600629,4.900,4.940,4.960,4.830,8738416,43167775.04,2.69,1.86,0.09,0.00,600629,4.85,不复权,正常交易,,,
2023-02-14,600629,4.930,5.000,5.050,4.880,11826143,59130715.00,3.48,1.21,0.06,0.00,600629,4.94,不复权,正常交易,,,
2023-02-15,600629,5.100,5.500,5.500,5.020,77351618,425433899.00,9.56,10.00,0.50,0.00,600629,5.00,不复权,正常交易,,,
2023-02-16,600629,5.590,5.300,5.720,5.220,98447047,521769349.10,9.58,-3.64,-0.20,0.00,600629,5.50,不复权,正常交易,,,
2023-02-17,600629,5.360,5.310,5.520,5.250,51855414,275352248.34,5.14,0.19,0.01,0.00,600629,5.30,不复权,正常交易,,,
2023-02-20,600629,5.300,5.360,5.450,5.260,45004994,241226767.84,3.61,0.94,0.05,0.00,600629,5.31,不复权,正常交易,,,
2023-02-21,600629,5.350,5.340,5.440,5.270,34030086,181720659.24,3.23,-0.37,-0.02,0.00,600629,5.36,不复权,正常交易,,,
2023-02-22,600629,5.300,5.280,5.340,5.240,20000709,105603743.52,1.91,-1.12,-0.06,0.00,600629,5.34,不复权,正常交易,,,
2023-02-23,600629,5.270,5.180,5.310,5.150,24653927,127707341.86,3.11,-1.89,-0.10,0.00,600629,5.28,不复权,正常交易,,,
2023-02-24,600629,5.190,5.200,5.230,5.140,14593149,75884374.80,1.75,0.39,0.02,0.00,600629,5.18,不复权,正常交易,,,
2023-02-27,600629,5.180,5.120,5.220,5.110,13678940,70036172.80,2.15,-1.54,-0.08,0.00,600629,5.20,不复权,正常交易,,,
2023-02-28,600629,5.140,5.150,5.160,5.100,9725849,50088122.35,1.18,0.59,0.03,0.00,600629,5.12,不复权,正常交易,,,
2023-03-01,600629,5.160,5.190,5.210,5.130,10449840,54234669.60,1.56,0.78,0.04,0.00,600629,5.15,不复权,正常交易,,,
2023-03-02,600629,5.180,5.220,5.270,5.170,15058571,78605740.62,1.93,0.58,0.03,0.00,600629,5.19,不复权,正常交易,,,
2023-03-03,600629,5.240,5.300,5.330,5.240,19751886,104684995.80,1.72,1.53,0.08,0.00,600629,5.22,不复权,正常交易,,,
2023-03-06,600629,5.310,5.220,5.310,5.190,17852840,93191824.80,2.31,-1.51,-0.08,0.00,600629,5.30,不复权,正常交易,,,
2023-03-07,600629,5.230,5.220,5.350,5.200,15997926,83509173.72,2.88,0.00,0.00,0.00,600629,5.22,不复权,正常交易,,,
2023-03-08,600629,5.170,5.220,5.250,5.150,11212739,58530497.58,1.94,0.00,0.00,0.00,600629,5.22,不复权,正常交易,,,
2023-03-09,600629,5.230,5.290,5.330,5.160,19174377,101432454.33,3.29,1.34,0.07,0.00,600629,5.22,不复权,正常交易,,,
2023-03-10,600629,5.300,5.220,5.340,5.190,15933883,83174869.26,2.89,-1.32,-0.07,0.00,600629,5.29,不复权,正常交易,,,
2023-03-13,600629,5.250,5.330,5.700,5.240,30342900,161727657.00,8.78,2.11,0.11,0.00,600629,5.22,不复权,正常交易,,,
2023-03-14,600629,5.320,5.200,5.380,5.180,21852038,113630597.60,3.86,-2.44,-0.13,0.00,600629,5.33,不复权,正常交易,,,
2023-03-15,600629,5.250,5.290,5.350,5.210,22291314,117921051.06,2.69,1.73,0.09,0.00,600629,5.20,不复权,正常交易,,,
2023-03-16,600629,5.310,5.180,5.310,5.160,16654532,86270475.76,2.91,-2.08,-0.11,0.00,600629,5.29,不复权,正常交易,,,
2023-03-17,600629,5.210,5.210,5.290,5.180,15953100,83115651.00,2.12,0.58,0.03,0.00,600629,5.18,不复权,正常交易,,,
2023-03-20,600629,5.210,5.160,5.260,5.140,15089759,77863156.44,2.33,-0.96,-0.05,0.00,600629,5.21,不复权,正常交易,,,
2023-03-21,600629,5.170,5.170,5.180,5.120,10319785,53353288.45,1.17,0.19,0.01,0.00,600629,5.16,不复权,正常交易,,,
2023-03-22,600629,5.510,5.450,5.650,5.380,75423301,411056990.45,5.02,5.42,0.28,0.00,600629,5.17,不复权,正常交易,,,
2023-03-23,600629,5.440,5.300,5.470,5.270,34783367,184351845.10,3.80,-2.75,-0.15,0.00,600629,5.45,不复权,正常交易,,,
2023-03-24,600629,5.320,5.180,5.320,5.140,23291428,120649597.04,3.50,-2.26,-0.12,0.00,600629,5.30,不复权,正常交易,,,
2023-03-27,600629,5.210,5.200,5.220,5.130,14839380,77164776.00,1.75,0.39,0.02,0.00,600629,5.18,不复权,正常交易,,,
2023-03-28,600629,5.220,5.150,5.230,5.150,10803840,55639776.00,1.55,-0.96,-0.05,0.00,600629,5.20,不复权,正常交易,,,
2023-03-29,600629,5.170,5.020,5.180,5.010,12633855,63421952.10,3.39,-2.52,-0.13,0.00,600629,5.15,不复权,正常交易,,,
2023-03-30,600629,5.070,5.050,5.070,4.980,10948908,55291985.40,1.81,0.60,0.03,0.00,600629,5.02,不复权,正常交易,,,
2023-03-31,600629,5.090,5.220,5.250,5.070,17494748,91322584.56,3.55,3.37,0.17,0.00,600629,5.05,不复权,正常交易,,,
2023-04-03,600629,5.200,5.450,5.500,5.180,28227210,153838294.50,6.18,4.41,0.23,0.00,600629,5.22,不复权,正常交易,,,
2023-04-04,600629,5.450,5.460,5.590,5.440,27952724,152621873.04,2.76,0.18,0.01,0.00,600629,5.45,不复权,正常交易,,,
2023-04-06,600629,5.430,5.300,5.440,5.290,18177793,96342302.90,2.84,-2.93,-0.16,0.00,600629,5.46,不复权,正常交易,,,
2023-04-07,600629,5.360,5.330,5.360,5.280,13528246,72105551.18,1.52,0.57,0.03,0.00,600629,5.30,不复权,正常交易,,,
2023-04-10,600629,5.310,5.250,5.340,5.220,15346533,80569298.25,2.30,-1.50,-0.08,0.00,600629,5.33,不复权,正常交易,,,
2023-04-11,600629,5.250,5.370,5.400,5.160,16137603,86658928.11,4.65,2.29,0.12,0.00,600629,5.25,不复权,正常交易,,,
2023-04-12,600629,5.350,5.470,5.480,5.330,19420439,106229801.33,2.81,1.86,0.10,0.00,600629,5.37,不复权,正常交易,,,
2023-04-13,600629,5.480,5.660,5.830,5.410,46255717,261807358.22,7.76,3.47,0.19,0.00,600629,5.47,不复权,正常交易,,,
2023-04-14,600629,5.780,6.230,6.230,5.580,96630133,602005728.59,11.65,10.07,0.57,0.00,600629,5.66,不复权,正常交易,,,
2023-04-17,600629,6.160,6.290,6.550,6.050,106831854,671972361.66,8.26,0.96,0.06,0.00,600629,6.23,不复权,正常交易,,,
2023-04-18,600629,6.130,6.400,6.420,6.080,64888481,415286278.40,5.59,1.75,0.11,0.00,600629,6.29,不复权,正常交易,,,
2023-04-19,600629,6.320,6.220,6.720,6.190,78890118,490696533.96,8.56,-2.81,-0.18,0.00,600629,6.40,不复权,正常交易,,,
2023-04-20,600629,6.320,6.840,6.840,6.180,84686973,579258895.32,10.68,9.97,0.62,0.00,600629,6.22,不复权,正常交易,,,
2023-04-21,600629,6.860,7.010,7.250,6.690,84521303,592494334.03,8.37,2.49,0.17,0.00,600629,6.84,不复权,正常交易,,,
2023-04-24,600629,7.020,7.470,7.690,6.680,78825061,588823205.67,15.12,6.56,0.46,0.00,600629,7.01,不复权,正常交易,,,
2023-04-25,600629,7.340,8.100,8.220,7.300,103743851,840325193.10,12.60,8.43,0.63,0.00,600629,7.47,不复权,正常交易,,,
2023-04-26,600629,7.950,8.910,8.910,7.640,124173622,1106386972.02,16.62,10.00,0.81,0.00,600629,8.10,不复权,正常交易,,,
2023-04-27,600629,8.670,8.900,9.680,8.310,101756342,905631443.80,16.49,-0.11,-0.01,0.00,600629,8.91,不复权,正常交易,,,
2023-04-28,600629,8.800,9.750,9.790,8.520,92255933,899495346.75,14.91,9.55,0.85,0.00,600629,8.90,不复权,正常交易,,,
2023-05-04,600629,9.560,10.730,10.730,9.550,94525117,1014254505.41,12.36,10.05,0.98,0.00,600629,9.75,不复权,正常交易,,,
2023-05-05,600629,11.050,11.500,11.800,10.950,156199677,1796296285.50,7.76,7.18,0.77,0.00,600629,10.73,不复权,正常交易,,,
2023-05-08,600629,11.570,11.700,11.980,11.070,119714771,1400662820.70,8.22,1.74,0.20,0.00,600629,11.50,不复权,正常交易,,,
2023-05-09,600629,11.300,11.100,11.710,10.530,136348824,1513471946.40,11.21,-5.13,-0.60,0.00,600629,11.70,不复权,正常交易,,,
2023-05-10,600629,10.830,9.990,10.830,9.990,119441547,1193221054.53,8.41,-10.00,-1.11,0.00,600629,11.10,不复权,正常交易,,,
2023-05-11,600629,9.800,9.430,9.900,9.180,123427077,1163917336.11,7.84,-5.61,-0.56,0.00,600629,9.99,不复权,正常交易,,,
2023-05-12,600629,9.220,8.980,9.410,8.900,87566895,786350717.10,5.73,-4.77,-0.45,0.00,600629,9.43,不复权,正常交易,,,
2023-05-15,600629,9.000,8.900,9.030,8.520,87229130,776339257.00,5.99,-0.89,-0.08,0.00,600629,8.98,不复权,正常交易,,,
2023-05-16,600629,8.870,8.100,8.890,8.010,98881441,800939672.10,10.99,-8.99,-0.80,0.00,600629,8.90,不复权,正常交易,,,
2023-05-17,600629,8.100,8.100,8.250,7.900,55953335,453222013.50,4.43,0.00,0.00,0.00,600629,8.10,不复权,正常交易,,,
2023-05-18,600629,8.080,8.320,8.510,7.980,82666093,687781893.76,6.64,2.72,0.22,0.00,600629,8.10,不复权,正常交易,,,
2023-05-19,600629,8.260,8.050,8.330,7.970,58167010,468244430.50,4.52,-3.25,-0.27,0.00,600629,8.32,不复权,正常交易,,,
2023-05-22,600629,8.080,7.850,8.110,7.760,51016380,400478583.00,4.51,-2.48,-0.20,0.00,600629,8.05,不复权,正常交易,,,
2023-05-23,600629,7.880,7.560,7.910,7.510,44366526,335410936.56,5.33,-3.69,-0.29,0.00,600629,7.85,不复权,正常交易,,,
2023-05-24,600629,7.560,7.570,7.660,7.440,44481777,336727051.89,2.96,0.13,0.01,0.00,600629,7.56,不复权,正常交易,,,
2023-05-25,600629,7.540,7.600,7.630,7.420,36448901,277011647.60,2.83,0.40,0.03,0.00,600629,7.57,不复权,正常交易,,,
2023-05-26,600629,7.750,7.680,7.830,7.450,58699249,450810232.32,5.10,1.05,0.08,0.00,600629,7.60,不复权,正常交易,,,
2023-05-29,600629,7.720,7.720,7.830,7.580,45880780,354199621.60,3.30,0.52,0.04,0.00,600629,7.68,不复权,正常交易,,,
2023-05-30,600629,7.630,8.190,8.490,7.630,129981782,1064550794.58,11.27,6.09,0.47,0.00,600629,7.72,不复权,正常交易,,,
2023-05-31,600629,8.100,9.010,9.010,8.050,145590219,1311767873.19,11.93,10.01,0.82,0.00,600629,8.19,不复权,正常交易,,,
2023-06-01,600629,9.070,8.820,9.340,8.610,135235513,1192777224.66,8.48,-2.11,-0.19,0.00,600629,9.01,不复权,正常交易,,,
2023-06-02,600629,8.590,8.530,8.880,8.370,89274847,761514444.91,6.09,-3.29,-0.29,0.00,600629,8.82,不复权,正常交易,,,
2023-06-05,600629,8.510,8.590,8.780,8.440,58790399,505009527.41,4.03,0.70,0.06,0.00,600629,8.53,不复权,正常交易,,,
2023-06-06,600629,8.490,9.150,9.430,8.410,134483876,1230527465.40,12.13,6.52,0.56,0.00,600629,8.59,不复权,正常交易,,,
2023-06-07,600629,8.900,9.130,9.180,8.620,79666664,727356642.32,6.50,-0.22,-0.02,0.00,600629,9.15,不复权,正常交易,,,
2023-06-08,600629,9.000,9.150,9.580,8.870,86900643,795140883.45,8.00,0.22,0.02,0.00,600629,9.13,不复权,正常交易,,,
2023-06-09,600629,8.890,8.480,8.960,8.240,99286648,841950775.04,8.74,-7.32,-0.67,0.00,600629,9.15,不复权,正常交易,,,
2023-06-12,600629,8.400,8.110,8.600,8.080,54132801,439017016.11,6.44,-4.36,-0.37,0.00,600629,8.48,不复权,正常交易,,,
2023-06-13,600629,8.110,7.940,8.200,7.840,66692508,529538513.52,4.59,-2.10,-0.17,0.00,600629,8.11,不复权,正常交易,,,
2023-06-14,600629,7.960,8.060,8.140,7.880,46135289,371850429.34,3.30,1.51,0.12,0.00,600629,7.94,不复权,正常交易,,,
2023-06-15,600629,8.000,7.820,8.100,7.760,44403288,347233712.16,4.38,-2.98,-0.24,0.00,600629,8.06,不复权,正常交易,,,
2023-06-16,600629,7.770,8.130,8.200,7.760,51022660,414814225.80,5.67,3.96,0.31,0.00,600629,7.82,不复权,正常交易,,,
2023-06-19,600629,8.100,8.390,8.590,7.960,72403031,607461430.09,7.91,3.20,0.26,0.00,600629,8.13,不复权,正常交易,,,
2023-06-20,600629,8.370,8.370,8.550,8.110,50361104,421522440.48,5.43,-0.24,-0.02,0.00,600629,8.39,不复权,正常交易,,,
2023-06-21,600629,8.350,7.630,8.470,7.620,58018557,442681589.91,11.15,-8.84,-0.74,0.00,600629,8.37,不复权,正常交易,,,
2023-06-26,600629,7.600,6.870,7.640,6.870,65616045,450782229.15,11.21,-9.96,-0.76,0.00,600629,7.63,不复权,正常交易,,,
2023-06-27,600629,6.770,7.130,7.250,6.770,58397084,416371208.92,7.09,3.78,0.26,0.00,600629,6.87,不复权,正常交易,,,
2023-06-28,600629,7.070,6.940,7.130,6.820,39057680,271060299.20,4.55,-2.66,-0.19,0.00,600629,7.13,不复权,正常交易,,,
2023-06-29,600629,6.940,6.970,7.020,6.910,20312507,141578173.79,1.59,0.43,0.03,0.00,600629,6.94,不复权,正常交易,,,
2023-06-30,600629,6.950,6.980,7.070,6.900,24313594,169708886.12,2.46,0.14,0.01,0.00,600629,6.97,不复权,正常交易,,,
2023-07-03,600629,6.990,7.050,7.130,6.910,24646662,173758967.10,3.18,1.00,0.07,0.00,600629,6.98,不复权,正常交易,,,
2023-07-04,600629,7.090,6.900,7.140,6.830,39657379,273635915.10,4.54,-2.13,-0.15,0.00,600629,7.05,不复权,正常交易,,,
2023-07-05,600629,6.910,6.850,6.990,6.840,24795341,169848085.85,2.19,-0.72,-0.05,0.00,600629,6.90,不复权,正常交易,,,
2023-07-06,600629,6.830,6.810,6.900,6.780,19192406,130700284.86,1.77,-0.58,-0.04,0.00,600629,6.85,不复权,正常交易,,,
2023-07-07,600629,6.780,6.790,6.880,6.710,19917364,135238901.56,2.53,-0.29,-0.02,0.00,600629,6.81,不复权,正常交易,,,
2023-07-10,600629,6.820,6.800,6.870,6.750,14297455,97222694.00,1.78,0.15,0.01,0.00,600629,6.79,不复权,正常交易,,,
2023-07-11,600629,6.820,6.740,6.840,6.720,15755020,106188834.80,1.79,-0.88,-0.06,0.00,600629,6.80,不复权,正常交易,,,
2023-07-12,600629,6.700,6.550,6.740,6.530,25742077,168610604.35,3.22,-2.82,-0.19,0.00,600629,6.74,不复权,正常交易,,,
2023-07-13,600629,6.600,6.760,6.780,6.560,24116217,163025626.92,3.35,3.21,0.21,0.00,600629,6.55,不复权,正常交易,,,
2023-07-14,600629,6.760,6.780,6.850,6.700,18331743,124289217.54,2.24,0.30,0.02,0.00,600629,6.76,不复权,正常交易,,,
2023-07-17,600629,6.760,6.690,6.780,6.630,13693377,91608692.13,2.26,-1.33,-0.09,0.00,600629,6.78,不复权,正常交易,,,
2023-07-18,600629,6.700,6.590,6.710,6.580,12844200,84643278.00,1.98,-1.49,-0.10,0.00,600629,6.69,不复权,正常交易,,,
2023-07-19,600629,6.600,6.720,6.740,6.580,19033224,127903265.28,2.43,1.97,0.13,0.00,600629,6.59,不复权,正常交易,,,
2023-07-20,600629,6.710,6.510,6.710,6.500,22046100,143520111.00,3.23,-3.12,-0.21,0.00,600629,6.72,不复权,正常交易,,,
2023-07-21,600629,6.510,6.570,6.610,6.480,14974437,98382051.09,2.01,0.92,0.06,0.00,600629,6.51,不复权,正常交易,,,
2023-07-24,600629,6.810,6.640,6.930,6.460,46143233,306391067.12,7.28,1.07,0.07,0.00,600629,6.57,不复权,正常交易,,,
2023-07-25,600629,6.660,7.010,7.180,6.660,78513145,550377146.45,7.81,5.57,0.37,0.00,600629,6.64,不复权,正常交易,,,
2023-07-26,600629,7.050,7.390,7.430,7.020,114504623,846189163.97,5.84,5.42,0.38,0.00,600629,7.01,不复权,正常交易,,,
2023-07-27,600629,7.150,6.840,7.160,6.790,86446065,591291084.60,5.45,-7.44,-0.55,0.00,600629,7.39,不复权,正常交易,,,
2023-07-28,600629,6.710,6.750,6.920,6.550,64661190,436463032.50,5.65,-1.32,-0.09,0.00,600629,6.84,不复权,正常交易,,,
2023-07-31,600629,6.770,7.200,7.430,6.750,120761790,869484888.00,10.07,6.67,0.45,0.00,600629,6.75,不复权,正常交易,,,
2023-08-01,600629,7.120,7.360,7.480,6.960,109404702,805218606.72,7.47,2.22,0.16,0.00,600629,7.20,不复权,正常交易,,,
2023-08-02,600629,7.290,7.320,7.600,7.250,66044742,483447511.44,4.83,-0.54,-0.04,0.00,600629,7.36,不复权,正常交易,,,
2023-08-03,600629,7.380,7.340,7.430,7.130,46277974,339680329.16,4.21,0.27,0.02,0.00,600629,7.32,不复权,正常交易,,,
2023-08-04,600629,7.390,7.780,7.980,7.320,84933379,660781688.62,9.02,5.99,0.44,0.00,600629,7.34,不复权,正常交易,,,
2023-08-07,600629,7.680,7.180,7.830,7.170,82929753,595435626.54,9.21,-7.71,-0.60,0.00,600629,7.78,不复权,正常交易,,,
2023-08-08,600629,7.200,7.250,7.330,7.120,45914003,332876521.75,2.95,0.97,0.07,0.00,600629,7.18,不复权,正常交易,,,
2023-08-09,600629,7.170,7.240,7.570,7.110,43270072,313275321.28,6.47,-0.14,-0.01,0.00,600629,7.25,不复权,正常交易,,,
2023-08-10,600629,7.170,7.100,7.230,7.000,30572051,217061562.10,3.29,-1.93,-0.14,0.00,600629,7.24,不复权,正常交易,,,
2023-08-11,600629,7.090,6.790,7.220,6.760,31365613,212972512.27,6.80,-4.37,-0.31,0.00,600629,7.10,不复权,正常交易,,,
2023-08-14,600629,6.650,6.840,6.850,6.600,19684999,134645393.16,3.79,0.74,0.05,0.00,600629,6.79,不复权,正常交易,,,
2023-08-15,600629,6.810,6.570,6.830,6.500,25755008,169210402.56,5.08,-3.95,-0.27,0.00,600629,6.84,不复权,正常交易,,,
2023-08-16,600629,6.560,6.680,6.770,6.510,23763886,158742758.48,3.99,1.67,0.11,0.00,600629,6.57,不复权,正常交易,,,
2023-08-17,600629,6.680,6.720,6.730,6.590,14681434,98659236.48,2.12,0.60,0.04,0.00,600629,6.68,不复权,正常交易,,,
2023-08-18,600629,6.660,6.480,6.770,6.480,18281920,118466841.60,4.48,-3.57,-0.24,0.00,600629,6.72,不复权,正常交易,,,
2023-08-21,600629,6.490,6.490,6.610,6.470,12877548,83575286.52,2.16,0.15,0.01,0.00,600629,6.48,不复权,正常交易,,,
2023-08-22,600629,6.470,6.790,6.810,6.390,31968751,217067819.29,6.57,4.62,0.30,0.00,600629,6.49,不复权,正常交易,,,
2023-08-23,600629,6.700,6.480,6.730,6.450,21423845,138826515.60,4.34,-4.57,-0.31,0.00,600629,6.79,不复权,正常交易,,,
2023-08-24,600629,6.480,6.410,6.540,6.370,16328240,104664018.40,2.67,-1.08,-0.07,0.00,600629,6.48,不复权,正常交易,,,
2023-08-25,600629,6.350,6.270,6.410,6.240,18037456,113094849.12,2.72,-2.18,-0.14,0.00,600629,6.41,不复权,正常交易,,,
2023-08-28,600629,6.660,6.530,6.750,6.440,37376878,244071013.34,4.81,4.15,0.26,0.00,600629,6.27,不复权,正常交易,,,
2023-08-29,600629,6.470,6.620,6.690,6.450,30909825,204623041.50,3.72,1.38,0.09,0.00,600629,6.53,不复权,正常交易,,,
2023-08-30,600629,6.620,6.450,6.620,6.390,26780627,172735044.15,3.60,-2.57,-0.17,0.00,600629,6.62,不复权,正常交易,,,
2023-08-31,600629,6.430,6.320,6.530,6.320,19145139,120997278.48,3.32,-2.02,-0.13,0.00,600629,6.45,不复权,正常交易,,,
2023-09-01,600629,6.350,6.340,6.410,6.320,12409565,78676642.10,1.42,0.32,0.02,0.00,600629,6.32,不复权,正常交易,,,
2023-09-04,600629,6.360,6.500,6.530,6.360,18697711,121535121.50,2.67,2.52,0.16,0.00,600629,6.34,不复权,正常交易,,,
2023-09-05,600629,6.490,6.250,6.490,6.210,23107141,144419631.25,4.51,-3.85,-0.25,0.00,600629,6.50,不复权,正常交易,,,
2023-09-06,600629,6.230,6.280,6.320,6.080,24492437,153812504.36,3.95,0.48,0.03,0.00,600629,6.25,不复权,正常交易,,,
2023-09-07,600629,6.220,6.150,6.260,6.130,11526479,70887845.85,2.12,-2.07,-0.13,0.00,600629,6.28,不复权,正常交易,,,
2023-09-08,600629,6.110,6.020,6.160,5.990,18856807,113517978.14,2.84,-2.11,-0.13,0.00,600629,6.15,不复权,正常交易,,,
2023-09-11,600629,6.000,6.100,6.140,5.960,14885626,90802318.60,3.02,1.33,0.08,0.00,600629,6.02,不复权,正常交易,,,
2023-09-12,600629,6.130,6.080,6.130,6.060,7328270,44555881.60,1.16,-0.33,-0.02,0.00,600629,6.10,不复权,正常交易,,,
2023-09-13,600629,6.090,6.060,6.140,6.020,10472970,63466198.20,1.99,-0.33,-0.02,0.00,600629,6.08,不复权,正常交易,,,
2023-09-14,600629,6.070,6.010,6.070,5.970,9028515,54261375.15,1.68,-0.83,-0.05,0.00,600629,6.06,不复权,正常交易,,,
2023-09-15,600629,6.060,6.000,6.090,5.980,8832800,52996800.00,1.84,-0.17,-0.01,0.00,600629,6.01,不复权,正常交易,,,
2023-09-18,600629,5.990,6.060,6.080,5.910,10439189,63261485.34,2.88,1.00,0.06,0.00,600629,6.00,不复权,正常交易,,,
2023-09-19,600629,6.030,6.220,6.250,6.020,34533382,214797636.04,3.82,2.64,0.16,0.00,600629,6.06,不复权,正常交易,,,
2023-09-20,600629,6.180,6.020,6.180,6.010,22283663,134147651.26,2.83,-3.22,-0.20,0.00,600629,6.22,不复权,正常交易,,,
2023-09-21,600629,5.990,5.780,6.000,5.750,29635242,171291698.76,4.35,-3.99,-0.24,0.00,600629,6.02,不复权,正常交易,,,
2023-09-22,600629,5.780,5.960,5.980,5.770,26161521,155922665.16,3.64,3.11,0.18,0.00,600629,5.78,不复权,正常交易,,,
2023-09-25,600629,5.970,5.740,5.970,5.690,26583125,152587137.50,4.92,-3.69,-0.22,0.00,600629,5.96,不复权,正常交易,,,
2023-09-26,600629,5.730,5.740,5.840,5.700,21072420,120955690.80,2.46,0.00,0.00,0.00,600629,5.74,不复权,正常交易,,,
2023-09-27,600629,5.770,5.850,5.960,5.740,30646805,179283809.25,3.83,1.92,0.11,0.00,600629,5.74,不复权,正常交易,,,
2023-09-28,600629,5.880,5.910,5.930,5.850,17146905,101338208.55,1.37,1.03,0.06,0.00,600629,5.85,不复权,正常交易,,,
2023-10-09,600629,5.880,5.790,5.910,5.780,13547515,78440111.85,2.25,-2.03,-0.12,0.00,600629,5.91,不复权,正常交易,,,
2023-10-10,600629,5.800,5.630,5.850,5.620,18193440,102429067.20,4.09,-2.76,-0.16,0.00,600629,5.79,不复权,正常交易,,,
2023-10-11,600629,5.670,5.740,5.870,5.660,20835520,119595884.80,3.71,1.95,0.11,0.00,600629,5.63,不复权,正常交易,,,
2023-10-12,600629,5.750,5.720,5.810,5.710,11293527,64598974.44,1.75,-0.35,-0.02,0.00,600629,5.74,不复权,正常交易,,,
2023-10-13,600629,5.680,5.620,5.690,5.600,11710675,65813993.50,1.61,-1.75,-0.10,0.00,600629,5.72,不复权,正常交易,,,
2023-10-16,600629,5.520,5.570,5.620,5.520,9299344,51797346.08,1.81,-0.89,-0.05,0.00,600629,5.62,不复权,正常交易,,,
2023-10-17,600629,5.570,5.580,5.680,5.540,16163135,90190293.30,2.53,0.18,0.01,0.00,600629,5.57,不复权,正常交易,,,
2023-10-18,600629,5.590,5.460,5.590,5.430,13223921,72202608.66,2.95,-2.15,-0.12,0.00,600629,5.58,不复权,正常交易,,,
2023-10-19,600629,5.420,5.430,5.520,5.410,10714500,58179735.00,2.03,-0.55,-0.03,0.00,600629,5.46,不复权,正常交易,,,
2023-10-20,600629,5.400,5.380,5.470,5.370,10415657,56036234.66,1.86,-0.92,-0.05,0.00,600629,5.43,不复权,正常交易,,,
2023-10-23,600629,5.350,5.250,5.390,5.220,10980925,57649856.25,3.26,-2.42,-0.13,0.00,600629,5.38,不复权,正常交易,,,
2023-10-24,600629,5.250,5.410,5.440,5.250,12720094,68815708.54,3.62,3.05,0.16,0.00,600629,5.25,不复权,正常交易,,,
2023-10-25,600629,5.680,5.680,5.820,5.640,30381104,172564670.72,3.19,4.99,0.27,0.00,600629,5.41,不复权,正常交易,,,
2023-10-26,600629,5.670,5.550,5.680,5.460,19943164,110684560.20,4.03,-2.29,-0.13,0.00,600629,5.68,不复权,正常交易,,,
2023-10-27,600629,5.550,5.560,5.580,5.450,12360329,68723429.24,2.39,0.18,0.01,0.00,600629,5.55,不复权,正常交易,,,
2023-10-30,600629,5.510,5.440,5.520,5.410,19316116,105079671.04,2.03,-2.16,-0.12,0.00,600629,5.56,不复权,正常交易,,,
2023-10-31,600629,5.480,5.350,5.480,5.330,17777719,95110796.65,2.81,-1.65,-0.09,0.00,600629,5.44,不复权,正常交易,,,
2023-11-01,600629,5.370,5.340,5.420,5.330,10685599,57061098.66,1.69,-0.19,-0.01,0.00,600629,5.35,不复权,正常交易,,,
2023-11-02,600629,5.340,5.350,5.390,5.290,13320204,71263091.40,1.89,0.19,0.01,0.00,600629,5.34,不复权,正常交易,,,
2023-11-03,600629,5.340,5.440,5.490,5.330,18492207,100597606.08,3.00,1.68,0.09,0.00,600629,5.35,不复权,正常交易,,,
2023-11-06,600629,5.400,5.590,5.610,5.400,21567140,120560312.60,3.89,2.76,0.15,0.00,600629,5.44,不复权,正常交易,,,
2023-11-07,600629,5.580,5.560,5.600,5.470,18357420,102067255.20,2.38,-0.54,-0.03,0.00,600629,5.59,不复权,正常交易,,,
2023-11-08,600629,5.550,5.610,5.670,5.530,15688205,88010830.05,2.53,0.90,0.05,0.00,600629,5.56,不复权,正常交易,,,
2023-11-09,600629,5.610,5.560,5.680,5.540,13546515,75318623.40,2.53,-0.89,-0.05,0.00,600629,5.61,不复权,正常交易,,,
2023-11-10,600629,5.550,5.470,5.560,5.460,10170940,55635041.80,1.83,-1.62,-0.09,0.00,600629,5.56,不复权,正常交易,,,
2023-11-13,600629,5.510,5.600,5.610,5.500,15933953,89230136.80,2.00,2.38,0.13,0.00,600629,5.47,不复权,正常交易,,,
2023-11-14,600629,5.600,5.630,5.650,5.570,10779700,60689711.00,1.44,0.54,0.03,0.00,600629,5.60,不复权,正常交易,,,
2023-11-15,600629,5.680,5.600,5.680,5.570,13019072,72906803.20,1.97,-0.53,-0.03,0.00,600629,5.63,不复权,正常交易,,,
2023-11-16,600629,5.600,5.540,5.600,5.530,9901461,54854093.94,1.27,-1.07,-0.06,0.00,600629,5.60,不复权,正常交易,,,
2023-11-17,600629,5.530,5.550,5.560,5.480,9219108,51166049.40,1.46,0.18,0.01,0.00,600629,5.54,不复权,正常交易,,,
2023-11-20,600629,5.570,5.510,5.570,5.470,14157220,78006282.20,1.83,-0.72,-0.04,0.00,600629,5.55,不复权,正常交易,,,
2023-11-21,600629,5.520,5.590,5.740,5.510,24293545,135800916.55,4.17,1.45,0.08,0.00,600629,5.51,不复权,正常交易,,,
2023-11-22,600629,5.590,5.790,6.030,5.560,69447753,402102489.87,8.45,3.58,0.20,0.00,600629,5.59,不复权,正常交易,,,
2023-11-23,600629,5.710,5.690,5.760,5.560,39046274,222173299.06,3.60,-1.73,-0.10,0.00,600629,5.79,不复权,正常交易,,,
2023-11-24,600629,5.660,5.480,5.730,5.470,34855057,191005712.36,4.75,-3.69,-0.21,0.00,600629,5.69,不复权,正常交易,,,
2023-11-27,600629,5.460,5.500,5.580,5.430,20070679,110388734.50,2.76,0.36,0.02,0.00,600629,5.48,不复权,正常交易,,,
2023-11-28,600629,5.490,5.410,5.490,5.370,19304786,104438892.26,2.23,-1.64,-0.09,0.00,600629,5.50,不复权,正常交易,,,
2023-11-29,600629,5.420,5.240,5.420,5.210,25681754,134572390.96,4.03,-3.14,-0.17,0.00,600629,5.41,不复权,正常交易,,,
2023-11-30,600629,5.230,5.150,5.250,5.130,16206853,83465292.95,2.34,-1.72,-0.09,0.00,600629,5.24,不复权,正常交易,,,
2023-12-01,600629,5.170,5.300,5.300,5.130,20778513,110126118.90,3.31,2.91,0.15,0.00,600629,5.15,不复权,正常交易,,,
2023-12-04,600629,5.300,5.390,5.600,5.300,29521322,159119925.58,5.66,1.70,0.09,0.00,600629,5.30,不复权,正常交易,,,
2023-12-05,600629,5.360,5.270,5.390,5.260,16802710,88550281.70,2.47,-2.23,-0.12,0.00,600629,5.39,不复权,正常交易,,,
2023-12-06,600629,5.270,5.270,5.350,5.210,11770540,62030745.80,2.69,0.00,0.00,0.00,600629,5.27,不复权,正常交易,,,
2023-12-07,600629,5.270,5.310,5.330,5.200,14798467,78579859.77,2.50,0.76,0.04,0.00,600629,5.27,不复权,正常交易,,,
2023-12-08,600629,5.310,5.230,5.320,5.220,13113808,68585215.84,1.92,-1.51,-0.08,0.00,600629,5.31,不复权,正常交易,,,
2023-12-11,600629,5.190,5.340,5.340,5.170,12169794,64986699.96,3.29,2.10,0.11,0.00,600629,5.23,不复权,正常交易,,,
2023-12-12,600629,5.330,5.450,5.450,5.300,15263969,83188631.05,2.83,2.06,0.11,0.00,600629,5.34,不复权,正常交易,,,
2023-12-13,600629,5.410,5.400,5.460,5.390,10452000,56440800.00,1.30,-0.92,-0.05,0.00,600629,5.45,不复权,正常交易,,,
2023-12-14,600629,5.440,5.490,5.710,5.420,36836527,202232533.23,5.35,1.67,0.09,0.00,600629,5.40,不复权,正常交易,,,
2023-12-15,600629,5.570,5.570,5.740,5.460,35542650,197972560.50,5.13,1.46,0.08,0.00,600629,5.49,不复权,正常交易,,,
2023-12-18,600629,5.570,5.470,5.670,5.440,22981833,125710626.51,4.23,-1.80,-0.10,0.00,600629,5.57,不复权,正常交易,,,
2023-12-19,600629,5.480,5.350,5.520,5.290,17295600,92531460.00,4.35,-2.19,-0.12,0.00,600629,5.47,不复权,正常交易,,,
2023-12-20,600629,5.390,5.310,5.440,5.290,12798000,67957380.00,2.84,-0.75,-0.04,0.00,600629,5.35,不复权,正常交易,,,
2023-12-21,600629,5.280,5.300,5.330,5.210,11843951,62772940.30,2.30,-0.19,-0.01,0.00,600629,5.31,不复权,正常交易,,,
2023-12-22,600629,5.280,5.120,5.290,5.080,20505188,104986562.56,4.13,-3.40,-0.18,0.00,600629,5.30,不复权,正常交易,,,
2023-12-25,600629,5.100,5.120,5.170,5.060,9476321,48518763.52,2.17,0.00,0.00,0.00,600629,5.12,不复权,正常交易,,,
2023-12-26,600629,5.110,5.030,5.120,5.010,10066668,50635340.04,2.20,-1.76,-0.09,0.00,600629,5.12,不复权,正常交易,,,
2023-12-27,600629,5.020,5.070,5.110,4.980,8925481,45252188.67,2.61,0.80,0.04,0.00,600629,5.03,不复权,正常交易,,,
2023-12-28,600629,5.060,5.170,5.180,5.000,11813533,61075965.61,3.60,1.97,0.10,0.00,600629,5.07,不复权,正常交易,,,
2023-12-29,600629,5.160,5.160,5.210,5.120,17939271,92566638.36,1.76,-0.19,-0.01,0.00,600629,5.17,不复权,正常交易,,,
2024-01-02,600629,5.150,5.170,5.190,5.130,12335608,63775093.36,1.17,0.19,0.01,0.00,600629,5.16,不复权,正常交易,,,
2024-01-03,600629,5.170,5.190,5.240,5.150,12297781,63825483.39,1.75,0.39,0.02,0.00,600629,5.17,不复权,正常交易,,,
2024-01-04,600629,5.260,5.180,5.310,5.150,13859926,71794416.68,3.11,-0.19,-0.01,0.00,600629,5.19,不复权,正常交易,,,
2024-01-05,600629,5.170,5.070,5.210,5.060,16886120,85612628.40,2.96,-2.12,-0.11,0.00,600629,5.18,不复权,正常交易,,,
2024-01-08,600629,5.080,5.030,5.130,5.030,9029673,45419255.19,1.99,-0.79,-0.04,0.00,600629,5.07,不复权,正常交易,,,
2024-01-09,600629,5.030,5.050,5.100,5.010,8038564,40594748.20,1.80,0.40,0.02,0.00,600629,5.03,不复权,正常交易,,,
2024-01-10,600629,5.020,4.980,5.060,4.940,10217462,50882960.76,2.43,-1.39,-0.07,0.00,600629,5.05,不复权,正常交易,,,
2024-01-11,600629,4.980,5.060,5.080,4.960,7227686,36572091.16,2.42,1.61,0.08,0.00,600629,4.98,不复权,正常交易,,,
2024-01-12,600629,5.060,5.060,5.130,5.040,8038396,40674283.76,1.79,0.00,0.00,0.00,600629,5.06,不复权,正常交易,,,
2024-01-15,600629,5.020,4.970,5.060,4.950,11489281,57101726.57,2.22,-1.78,-0.09,0.00,600629,5.06,不复权,正常交易,,,
2024-01-16,600629,4.970,4.970,4.980,4.870,10841366,53881589.02,2.26,0.00,0.00,0.00,600629,4.97,不复权,正常交易,,,
2024-01-17,600629,4.920,4.790,4.960,4.760,13703147,65638074.13,4.20,-3.62,-0.18,0.00,600629,4.97,不复权,正常交易,,,
2024-01-18,600629,4.740,4.790,4.810,4.610,14791273,70850197.67,4.34,0.00,0.00,0.00,600629,4.79,不复权,正常交易,,,
2024-01-19,600629,4.820,4.790,4.850,4.770,9712940,46524982.60,1.68,0.00,0.00,0.00,600629,4.79,不复权,正常交易,,,
2024-01-22,600629,4.770,4.480,4.800,4.450,13732764,61522782.72,7.87,-6.47,-0.31,0.00,600629,4.79,不复权,正常交易,,,
2024-01-23,600629,4.530,4.930,4.930,4.470,25619361,126303449.73,10.29,10.04,0.45,0.00,600629,4.48,不复权,正常交易,,,
2024-01-24,600629,5.420,5.420,5.420,5.420,15378313,83350456.46,0.00,9.94,0.49,0.00,600629,4.93,不复权,正常交易,,,
2024-01-25,600629,5.960,5.960,5.960,5.660,132911609,792153189.64,5.30,9.96,0.54,0.00,600629,5.42,不复权,正常交易,,,
2024-01-26,600629,6.560,6.560,6.560,6.320,61395962,402757510.72,3.80,10.07,0.60,0.00,600629,5.96,不复权,正常交易,,,
2024-01-29,600629,7.220,5.900,7.220,5.900,175510497,1035511932.30,22.37,-10.06,-0.66,0.00,600629,6.56,不复权,正常交易,,,
2024-01-30,600629,5.420,6.490,6.490,5.310,227179201,1474393014.49,22.22,10.00,0.59,0.00,600629,5.90,不复权,正常交易,,,
2024-01-31,600629,6.500,7.140,7.140,5.840,220871328,1577021281.92,22.26,10.02,0.65,0.00,600629,6.49,不复权,正常交易,,,
2024-02-01,600629,6.940,6.430,7.200,6.430,117233234,753809694.62,11.98,-9.94,-0.71,0.00,600629,7.14,不复权,正常交易,,,
2024-02-02,600629,6.130,5.790,6.670,5.790,159871297,925654809.63,15.20,-9.95,-0.64,0.00,600629,6.43,不复权,正常交易,,,
2024-02-05,600629,5.330,5.210,5.390,5.210,29093600,151577656.00,3.45,-10.02,-0.58,0.00,600629,5.79,不复权,正常交易,,,
2024-02-06,600629,4.690,4.730,5.120,4.690,126445053,598085100.69,9.17,-9.21,-0.48,0.00,600629,5.21,不复权,正常交易,,,
2024-02-07,600629,4.730,4.280,4.830,4.260,104212108,446027822.24,13.38,-9.51,-0.45,0.00,600629,4.73,不复权,正常交易,,,
2024-02-08,600629,4.290,4.580,4.680,4.290,72397995,331582817.10,9.09,7.01,0.30,0.00,600629,4.28,不复权,正常交易,,,
2024-02-19,600629,4.580,4.770,4.830,4.550,69933995,333585156.15,6.15,4.15,0.19,0.00,600629,4.58,不复权,正常交易,,,
2024-02-20,600629,4.780,4.930,5.050,4.630,77565399,382397417.07,9.07,3.35,0.16,0.00,600629,4.77,不复权,正常交易,,,
2024-02-21,600629,4.800,4.950,5.170,4.800,81373693,402799780.35,7.71,0.41,0.02,0.00,600629,4.93,不复权,正常交易,,,
2024-02-22,600629,4.950,5.060,5.090,4.900,59410208,300615652.48,3.88,2.22,0.11,0.00,600629,4.95,不复权,正常交易,,,
2024-02-23,600629,5.060,5.080,5.120,4.960,57329138,291232021.04,3.23,0.40,0.02,0.00,600629,5.06,不复权,正常交易,,,
2024-02-26,600629,5.070,5.030,5.120,4.990,51978690,261452810.70,2.61,-0.98,-0.05,0.00,600629,5.08,不复权,正常交易,,,
2024-02-27,600629,5.040,5.190,5.210,5.010,61475582,319058270.58,3.99,3.18,0.16,0.00,600629,5.03,不复权,正常交易,,,
2024-02-28,600629,5.190,4.930,5.350,4.920,71917155,354551574.15,8.74,-5.01,-0.26,0.00,600629,5.19,不复权,正常交易,,,
2024-02-29,600629,4.910,5.050,5.060,4.860,44884165,226665033.25,4.12,2.43,0.12,0.00,600629,4.93,不复权,正常交易,,,
2024-03-01,600629,5.050,5.020,5.070,4.950,33120121,166263007.42,2.42,-0.59,-0.03,0.00,600629,5.05,不复权,正常交易,,,
2024-03-04,600629,5.010,4.940,5.020,4.860,32038403,158269710.82,3.29,-1.59,-0.08,0.00,600629,5.02,不复权,正常交易,,,
2024-03-05,600629,4.900,5.020,5.260,4.880,62571234,314107594.68,7.79,1.62,0.08,0.00,600629,4.94,不复权,正常交易,,,
2024-03-06,600629,5.020,5.040,5.170,5.000,44499873,224279359.92,3.40,0.40,0.02,0.00,600629,5.02,不复权,正常交易,,,
2024-03-07,600629,5.030,5.030,5.120,5.000,39513353,198752165.59,2.40,-0.20,-0.01,0.00,600629,5.04,不复权,正常交易,,,
2024-03-08,600629,5.010,5.030,5.060,4.960,26987100,135745113.00,2.02,0.00,0.00,0.00,600629,5.03,不复权,正常交易,,,
2024-03-11,600629,5.060,5.140,5.160,5.040,35219994,181030769.16,2.38,2.19,0.11,0.00,600629,5.03,不复权,正常交易,,,
2024-03-12,600629,5.130,5.240,5.250,5.050,44634750,233886090.00,3.96,1.95,0.10,0.00,600629,5.14,不复权,正常交易,,,
2024-03-13,600629,5.190,5.440,5.640,5.160,71559181,389281944.64,9.30,3.82,0.20,0.00,600629,5.24,不复权,正常交易,,,
2024-03-14,600629,5.380,5.300,5.410,5.210,46441074,246137692.20,3.84,-2.57,-0.14,0.00,600629,5.44,不复权,正常交易,,,
2024-03-15,600629,5.270,5.270,5.300,5.190,25131920,132445218.40,2.12,-0.57,-0.03,0.00,600629,5.30,不复权,正常交易,,,
2024-03-18,600629,5.280,5.370,5.380,5.280,27534915,147862493.55,1.89,1.90,0.10,0.00,600629,5.27,不复权,正常交易,,,
2024-03-19,600629,5.360,5.380,5.400,5.280,31021064,166893324.32,2.27,0.19,0.01,0.00,600629,5.37,不复权,正常交易,,,
2024-03-20,600629,5.350,5.400,5.420,5.300,24751337,133657219.80,2.26,0.37,0.02,0.00,600629,5.38,不复权,正常交易,,,
2024-03-21,600629,5.410,5.430,5.540,5.350,28578121,155179197.03,3.55,0.56,0.03,0.00,600629,5.40,不复权,正常交易,,,
2024-03-22,600629,5.430,5.340,5.430,5.270,26565190,141858114.60,3.04,-1.66,-0.09,0.00,600629,5.43,不复权,正常交易,,,
2024-03-25,600629,5.320,5.200,5.340,5.200,22967875,119432950.00,2.69,-2.62,-0.14,0.00,600629,5.34,不复权,正常交易,,,
2024-03-26,600629,5.180,5.220,5.250,5.130,20403568,106506624.96,2.34,0.38,0.02,0.00,600629,5.20,不复权,正常交易,,,
2024-03-27,600629,5.210,5.010,5.220,5.010,20186945,101136594.45,4.19,-4.02,-0.21,0.00,600629,5.22,不复权,正常交易,,,
2024-03-28,600629,4.990,5.140,5.170,4.970,19623600,100865304.00,4.02,2.59,0.13,0.00,600629,5.01,不复权,正常交易,,,
2024-03-29,600629,5.150,5.240,5.240,5.140,18144611,95077761.64,1.95,1.95,0.10,0.00,600629,5.14,不复权,正常交易,,,
2024-04-01,600629,5.290,5.370,5.430,5.260,29908701,160609724.37,3.23,2.48,0.13,0.00,600629,5.24,不复权,正常交易,,,
2024-04-02,600629,5.400,5.340,5.400,5.280,21333844,113922726.96,2.27,-0.56,-0.03,0.00,600629,5.37,不复权,正常交易,,,
2024-04-03,600629,5.340,5.360,5.370,5.260,18641300,99917368.00,2.09,0.37,0.02,0.00,600629,5.34,不复权,正常交易,,,
2024-04-08,600629,5.330,5.220,5.330,5.220,20409928,106539824.16,2.11,-2.61,-0.14,0.00,600629,5.36,不复权,正常交易,,,
2024-04-09,600629,5.220,5.270,5.290,5.210,13129162,69190683.74,1.54,0.96,0.05,0.00,600629,5.22,不复权,正常交易,,,
2024-04-10,600629,5.260,5.160,5.260,5.080,16663797,85985192.52,3.54,-2.09,-0.11,0.00,600629,5.27,不复权,正常交易,,,
2024-04-11,600629,5.120,5.160,5.250,5.090,14521777,74932369.32,3.14,0.00,0.00,0.00,600629,5.16,不复权,正常交易,,,
2024-04-12,600629,5.210,5.110,5.220,5.100,12289600,62799856.00,2.35,-0.97,-0.05,0.00,600629,5.16,不复权,正常交易,,,
2024-04-15,600629,5.140,5.070,5.200,4.890,26530693,134510613.51,6.34,-0.78,-0.04,0.00,600629,5.11,不复权,正常交易,,,
2024-04-16,600629,5.020,4.780,5.030,4.770,26514650,126740027.00,5.45,-5.72,-0.29,0.00,600629,5.07,不复权,正常交易,,,
2024-04-17,600629,4.830,5.120,5.120,4.830,28717748,147034869.76,6.00,7.11,0.34,0.00,600629,4.78,不复权,正常交易,,,
2024-04-18,600629,5.100,5.320,5.550,5.080,61782961,328685352.52,9.25,3.91,0.20,0.00,600629,5.12,不复权,正常交易,,,
2024-04-19,600629,5.200,5.390,5.420,5.180,54181364,292037551.96,4.63,1.32,0.07,0.00,600629,5.32,不复权,正常交易,,,
2024-04-22,600629,5.390,5.440,5.510,5.340,50116081,272631480.64,3.18,0.93,0.05,0.00,600629,5.39,不复权,正常交易,,,
2024-04-23,600629,5.440,5.400,5.610,5.390,47130090,254502486.00,4.08,-0.74,-0.04,0.00,600629,5.44,不复权,正常交易,,,
2024-04-24,600629,5.440,5.440,5.540,5.390,40776044,221821679.36,2.78,0.74,0.04,0.00,600629,5.40,不复权,正常交易,,,
2024-04-25,600629,5.420,5.380,5.490,5.310,33766020,181661187.60,3.39,-1.10,-0.06,0.00,600629,5.44,不复权,正常交易,,,
2024-04-26,600629,5.340,5.520,5.540,5.280,51918852,286592063.04,4.92,2.60,0.14,0.00,600629,5.38,不复权,正常交易,,,
2024-04-29,600629,5.470,5.490,5.520,5.360,45264559,248502428.91,2.99,-0.54,-0.03,0.00,600629,5.52,不复权,正常交易,,,
2024-04-30,600629,5.450,5.260,5.500,5.230,43374590,228150343.40,5.16,-4.19,-0.23,0.00,600629,5.49,不复权,正常交易,,,
2024-05-06,600629,5.320,5.310,5.460,5.300,34566486,183548040.66,3.02,0.95,0.05,0.00,600629,5.26,不复权,正常交易,,,
2024-05-07,600629,5.340,5.360,5.430,5.300,23567540,126322014.40,2.45,0.94,0.05,0.00,600629,5.31,不复权,正常交易,,,
2024-05-08,600629,5.330,5.200,5.350,5.180,27441600,142696320.00,3.28,-2.99,-0.16,0.00,600629,5.36,不复权,正常交易,,,
2024-05-09,600629,5.180,5.340,5.360,5.170,25032658,133674393.72,3.68,2.69,0.14,0.00,600629,5.20,不复权,正常交易,,,
2024-05-10,600629,5.340,5.280,5.370,5.220,20621272,108880316.16,2.87,-1.12,-0.06,0.00,600629,5.34,不复权,正常交易,,,
2024-05-13,600629,5.230,5.250,5.310,5.170,18023616,94623984.00,2.71,-0.57,-0.03,0.00,600629,5.28,不复权,正常交易,,,
2024-05-14,600629,5.260,5.270,5.290,5.210,12745490,67168732.30,1.54,0.38,0.02,0.00,600629,5.25,不复权,正常交易,,,
2024-05-15,600629,5.270,5.220,5.300,5.220,16555497,86419694.34,1.53,-0.95,-0.05,0.00,600629,5.27,不复权,正常交易,,,
2024-05-16,600629,5.230,5.330,5.400,5.220,36805002,196170660.66,3.45,2.11,0.11,0.00,600629,5.22,不复权,正常交易,,,
2024-05-17,600629,5.340,5.430,5.430,5.320,33366074,181177781.82,2.07,1.88,0.10,0.00,600629,5.33,不复权,正常交易,,,
2024-05-20,600629,5.440,5.410,5.500,5.380,26561140,143695767.40,2.23,-0.37,-0.02,0.00,600629,5.43,不复权,正常交易,,,
2024-05-21,600629,5.400,5.300,5.430,5.270,21395729,113397363.70,3.04,-2.03,-0.11,0.00,600629,5.41,不复权,正常交易,,,
2024-05-22,600629,5.300,5.410,5.470,5.290,33241106,179834383.46,3.40,2.08,0.11,0.00,600629,5.30,不复权,正常交易,,,
2024-05-23,600629,5.360,5.210,5.390,5.180,30934302,161167713.42,4.05,-3.70,-0.20,0.00,600629,5.41,不复权,正常交易,,,
2024-05-24,600629,5.200,5.090,5.200,5.070,19878342,101180760.78,2.56,-2.30,-0.12,0.00,600629,5.21,不复权,正常交易,,,
2024-05-27,600629,5.100,5.110,5.130,5.010,14205421,72589701.31,2.40,0.39,0.02,0.00,600629,5.09,不复权,正常交易,,,
2024-05-28,600629,5.140,5.030,5.150,5.010,12243418,61584392.54,2.79,-1.57,-0.08,0.00,600629,5.11,不复权,正常交易,,,
2024-05-29,600629,5.010,5.010,5.070,4.960,13263920,66452239.20,2.22,-0.40,-0.02,0.00,600629,5.03,不复权,正常交易,,,
2024-05-30,600629,5.000,4.960,5.030,4.950,10106462,50128051.52,1.62,-1.00,-0.05,0.00,600629,5.01,不复权,正常交易,,,
2024-05-31,600629,4.970,4.990,4.990,4.950,8276324,41298856.76,0.81,0.60,0.03,0.00,600629,4.96,不复权,正常交易,,,
2024-06-03,600629,4.970,4.890,4.980,4.840,12629364,61757589.96,2.89,-2.00,-0.10,0.00,600629,4.99,不复权,正常交易,,,
2024-06-04,600629,4.920,4.920,4.930,4.850,8502835,41833948.20,1.65,0.61,0.03,0.00,600629,4.89,不复权,正常交易,,,
2024-06-05,600629,4.900,4.790,4.900,4.790,11041800,52890222.00,2.30,-2.64,-0.13,0.00,600629,4.92,不复权,正常交易,,,
2024-06-06,600629,4.790,4.610,4.810,4.580,20092679,92627250.19,5.02,-3.76,-0.18,0.00,600629,4.79,不复权,正常交易,,,
2024-06-07,600629,4.650,4.730,4.770,4.630,12693648,60040955.04,3.02,2.60,0.12,0.00,600629,4.61,不复权,正常交易,,,
2024-06-11,600629,4.680,4.660,4.720,4.630,8585300,40007498.00,1.94,-1.48,-0.07,0.00,600629,4.73,不复权,正常交易,,,
2024-06-12,600629,4.650,4.660,4.700,4.630,8949024,41702451.84,1.51,0.00,0.00,0.00,600629,4.66,不复权,正常交易,,,
2024-06-13,600629,4.670,4.600,4.680,4.590,7990667,36757068.20,1.96,-1.29,-0.06,0.00,600629,4.66,不复权,正常交易,,,
2024-06-14,600629,4.610,4.670,4.690,4.570,9712372,45356777.24,2.63,1.52,0.07,0.00,600629,4.60,不复权,正常交易,,,
2024-06-17,600629,4.630,4.600,4.670,4.590,10633865,48915779.00,1.74,-1.50,-0.07,0.00,600629,4.67,不复权,正常交易,,,
2024-06-18,600629,4.610,4.660,4.660,4.580,7952327,37057843.82,1.75,1.30,0.06,0.00,600629,4.60,不复权,正常交易,,,
2024-06-19,600629,4.650,4.690,4.750,4.650,16909688,79306436.72,2.15,0.64,0.03,0.00,600629,4.66,不复权,正常交易,,,
2024-06-20,600629,4.550,4.420,4.560,4.400,15430160,68201307.20,3.64,-5.76,-0.27,0.00,600629,4.69,不复权,正常交易,,,
2024-06-21,600629,4.420,4.500,4.530,4.410,10567283,47552773.50,2.72,1.81,0.08,0.00,600629,4.42,不复权,正常交易,,,
2024-06-24,600629,4.440,4.340,4.490,4.330,11135500,48328070.00,3.70,-3.56,-0.16,0.00,600629,4.50,不复权,正常交易,,,
2024-06-25,600629,4.330,4.350,4.400,4.320,9107000,39615450.00,1.85,0.23,0.01,0.00,600629,4.34,不复权,正常交易,,,
2024-06-26,600629,4.350,4.430,4.440,4.290,10150031,44964637.33,3.50,1.84,0.08,0.00,600629,4.35,不复权,正常交易,,,
2024-06-27,600629,4.410,4.340,4.420,4.330,8608096,37359136.64,2.08,-2.03,-0.09,0.00,600629,4.43,不复权,正常交易,,,
2024-06-28,600629,4.330,4.360,4.420,4.320,9600215,41856937.40,2.31,0.46,0.02,0.00,600629,4.34,不复权,正常交易,,,
2024-07-01,600629,4.360,4.450,4.450,4.360,9493768,42247267.60,2.06,2.06,0.09,0.00,600629,4.36,不复权,正常交易,,,
2024-07-02,600629,4.440,4.440,4.490,4.410,8110080,36008755.20,1.81,-0.22,-0.01,0.00,600629,4.45,不复权,正常交易,,,
2024-07-03,600629,4.440,4.420,4.460,4.410,6692859,29582436.78,1.13,-0.45,-0.02,0.00,600629,4.44,不复权,正常交易,,,
2024-07-04,600629,4.420,4.300,4.430,4.280,9901400,42576020.00,3.50,-2.71,-0.12,0.00,600629,4.42,不复权,正常交易,,,
2024-07-05,600629,4.300,4.330,4.330,4.230,6177232,26747414.56,2.36,0.70,0.03,0.00,600629,4.30,不复权,正常交易,,,
2024-07-08,600629,4.300,4.210,4.310,4.190,7983233,33609410.93,2.86,-2.77,-0.12,0.00,600629,4.33,不复权,正常交易,,,
2024-07-09,600629,4.210,4.250,4.260,4.130,7402729,31461598.25,3.15,0.95,0.04,0.00,600629,4.21,不复权,正常交易,,,
2024-07-10,600629,4.220,4.210,4.270,4.180,5230331,22019693.51,2.15,-0.94,-0.04,0.00,600629,4.25,不复权,正常交易,,,
2024-07-11,600629,4.270,4.290,4.310,4.250,9294356,39872787.24,1.41,1.90,0.08,0.00,600629,4.21,不复权,正常交易,,,
2024-07-12,600629,4.300,4.300,4.340,4.270,9840000,42312000.00,1.64,0.23,0.01,0.00,600629,4.29,不复权,正常交易,,,
2024-07-15,600629,4.270,4.200,4.270,4.170,7902761,33191596.20,2.40,-2.33,-0.10,0.00,600629,4.30,不复权,正常交易,,,
2024-07-16,600629,4.190,4.170,4.200,4.140,5722416,23862474.72,1.45,-0.71,-0.03,0.00,600629,4.20,不复权,正常交易,,,
2024-07-17,600629,4.240,4.350,4.530,4.180,30733677,133691494.95,8.37,4.32,0.18,0.00,600629,4.17,不复权,正常交易,,,
2024-07-18,600629,4.270,4.320,4.320,4.230,17251040,74524492.80,2.13,-0.69,-0.03,0.00,600629,4.35,不复权,正常交易,,,
2024-07-19,600629,4.290,4.260,4.330,4.240,11645853,49611333.78,2.12,-1.39,-0.06,0.00,600629,4.32,不复权,正常交易,,,
2024-07-22,600629,4.240,4.240,4.250,4.200,8067755,34207281.20,1.19,-0.47,-0.02,0.00,600629,4.26,不复权,正常交易,,,
2024-07-23,600629,4.230,4.210,4.270,4.200,8408456,35399599.76,1.67,-0.71,-0.03,0.00,600629,4.24,不复权,正常交易,,,
2024-07-24,600629,4.200,4.160,4.230,4.150,8283306,34458552.96,1.93,-1.19,-0.05,0.00,600629,4.21,不复权,正常交易,,,
2024-07-25,600629,4.140,4.210,4.220,4.130,7389272,31108835.12,2.18,1.20,0.05,0.00,600629,4.16,不复权,正常交易,,,
2024-07-26,600629,4.200,4.230,4.250,4.190,7499961,31724835.03,1.43,0.48,0.02,0.00,600629,4.21,不复权,正常交易,,,
2024-07-29,600629,4.230,4.280,4.310,4.200,10237312,43815695.36,2.62,1.18,0.05,0.00,600629,4.23,不复权,正常交易,,,
2024-07-30,600629,4.310,4.350,4.350,4.260,12761666,55513247.10,2.11,1.64,0.07,0.00,600629,4.28,不复权,正常交易,,,
2024-07-31,600629,4.340,4.440,4.450,4.330,17789982,78987520.08,2.77,2.07,0.09,0.00,600629,4.35,不复权,正常交易,,,
2024-08-01,600629,4.440,4.440,4.480,4.430,13930324,61850638.56,1.13,0.00,0.00,0.00,600629,4.44,不复权,正常交易,,,
2024-08-02,600629,4.410,4.440,4.480,4.390,12154129,53964332.76,2.05,0.00,0.00,0.00,600629,4.44,不复权,正常交易,,,
2024-08-05,600629,4.410,4.340,4.470,4.330,12249800,53164132.00,3.23,-2.25,-0.10,0.00,600629,4.44,不复权,正常交易,,,
2024-08-06,600629,4.380,4.380,4.410,4.330,8040582,35217749.16,1.85,0.92,0.04,0.00,600629,4.34,不复权,正常交易,,,
2024-08-07,600629,4.380,4.350,4.410,4.340,6961365,30281937.75,1.61,-0.68,-0.03,0.00,600629,4.38,不复权,正常交易,,,
2024-08-08,600629,4.330,4.350,4.370,4.290,8498516,36968544.60,1.86,0.00,0.00,0.00,600629,4.35,不复权,正常交易,,,
2024-08-09,600629,4.360,4.380,4.460,4.350,14191600,62159208.00,2.53,0.69,0.03,0.00,600629,4.35,不复权,正常交易,,,
2024-08-12,600629,4.360,4.300,4.410,4.280,10774800,46331640.00,3.04,-1.83,-0.08,0.00,600629,4.38,不复权,正常交易,,,
2024-08-13,600629,4.290,4.330,4.330,4.250,7720520,33429851.60,1.88,0.70,0.03,0.00,600629,4.30,不复权,正常交易,,,
2024-08-14,600629,4.320,4.310,4.420,4.310,10598420,45679190.20,2.55,-0.46,-0.02,0.00,600629,4.33,不复权,正常交易,,,
2024-08-15,600629,4.290,4.320,4.340,4.240,10191100,44025552.00,2.36,0.23,0.01,0.00,600629,4.31,不复权,正常交易,,,
2024-08-16,600629,4.310,4.280,4.330,4.250,8635264,36958929.92,1.88,-0.93,-0.04,0.00,600629,4.32,不复权,正常交易,,,
2024-08-19,600629,4.280,4.300,4.310,4.250,5659500,24335850.00,1.41,0.47,0.02,0.00,600629,4.28,不复权,正常交易,,,
2024-08-20,600629,4.300,4.210,4.300,4.180,8868100,37334701.00,2.87,-2.09,-0.09,0.00,600629,4.30,不复权,正常交易,,,
2024-08-21,600629,4.220,4.170,4.220,4.150,4926591,20543884.47,1.69,-0.95,-0.04,0.00,600629,4.21,不复权,正常交易,,,
2024-08-22,600629,4.170,4.110,4.200,4.100,6843460,28126620.60,2.44,-1.44,-0.06,0.00,600629,4.17,不复权,正常交易,,,
2024-08-23,600629,4.100,4.080,4.110,4.010,7892038,32199515.04,2.49,-0.73,-0.03,0.00,600629,4.11,不复权,正常交易,,,
2024-08-26,600629,4.290,4.320,4.490,4.240,31169181,134650861.92,5.90,5.88,0.24,0.00,600629,4.08,不复权,正常交易,,,
2024-08-27,600629,4.360,4.680,4.750,4.250,68363637,319941821.16,11.76,8.33,0.36,0.00,600629,4.32,不复权,正常交易,,,
2024-08-28,600629,4.600,4.380,4.690,4.320,53599566,234766099.08,8.56,-6.41,-0.30,0.00,600629,4.68,不复权,正常交易,,,
2024-08-29,600629,4.290,4.180,4.300,4.160,33887269,141648784.42,3.37,-4.57,-0.20,0.00,600629,4.38,不复权,正常交易,,,
2024-08-30,600629,4.260,4.410,4.540,4.250,44273101,195244375.41,6.82,5.50,0.23,0.00,600629,4.18,不复权,正常交易,,,
2024-09-02,600629,4.370,4.400,4.520,4.340,31794020,139893688.00,4.15,-0.23,-0.01,0.00,600629,4.41,不复权,正常交易,,,
2024-09-03,600629,4.400,4.400,4.430,4.340,15184924,66813665.60,2.07,0.00,0.00,0.00,600629,4.40,不复权,正常交易,,,
2024-09-04,600629,4.350,4.350,4.450,4.340,13002464,56560718.40,2.53,-1.14,-0.05,0.00,600629,4.40,不复权,正常交易,,,
2024-09-05,600629,4.340,4.370,4.410,4.340,10382784,45372766.08,1.61,0.46,0.02,0.00,600629,4.35,不复权,正常交易,,,
2024-09-06,600629,4.380,4.280,4.390,4.260,12129800,51915544.00,3.05,-2.06,-0.09,0.00,600629,4.37,不复权,正常交易,,,
2024-09-09,600629,4.250,4.270,4.300,4.210,9224809,39389934.43,2.14,-0.23,-0.01,0.00,600629,4.28,不复权,正常交易,,,
2024-09-10,600629,4.290,4.290,4.320,4.190,10487500,44991375.00,3.10,0.47,0.02,0.00,600629,4.27,不复权,正常交易,,,
2024-09-11,600629,4.270,4.250,4.290,4.220,7204649,30619758.25,1.66,-0.93,-0.04,0.00,600629,4.29,不复权,正常交易,,,
2024-09-12,600629,4.250,4.230,4.280,4.230,6762615,28605861.45,1.18,-0.47,-0.02,0.00,600629,4.25,不复权,正常交易,,,
2024-09-13,600629,4.250,4.230,4.290,4.210,7273637,30767484.51,1.90,0.00,0.00,0.00,600629,4.23,不复权,正常交易,,,
2024-09-18,600629,4.250,4.250,4.270,4.160,7499158,31871421.50,2.64,0.47,0.02,0.00,600629,4.23,不复权,正常交易,,,
2024-09-19,600629,4.280,4.390,4.390,4.260,15875168,69691987.52,3.05,3.29,0.14,0.00,600629,4.25,不复权,正常交易,,,
2024-09-20,600629,4.380,4.420,4.430,4.340,10505898,46436069.16,2.07,0.68,0.03,0.00,600629,4.39,不复权,正常交易,,,
2024-09-23,600629,4.390,4.400,4.430,4.350,8154700,35880680.00,1.84,-0.45,-0.02,0.00,600629,4.42,不复权,正常交易,,,
2024-09-24,600629,4.430,4.500,4.510,4.410,15004138,67518621.00,2.27,2.27,0.10,0.00,600629,4.40,不复权,正常交易,,,
2024-09-25,600629,4.560,4.560,4.700,4.530,24926105,113663038.80,3.75,1.33,0.06,0.00,600629,4.50,不复权,正常交易,,,
2024-09-26,600629,4.560,4.750,4.750,4.530,25691700,122035575.00,4.86,4.17,0.19,0.00,600629,4.56,不复权,正常交易,,,
2024-09-27,600629,4.840,4.920,4.920,4.760,23368126,114971179.92,3.36,3.58,0.17,0.00,600629,4.75,不复权,正常交易,,,
2024-09-30,600629,5.170,5.280,5.350,4.960,51085980,269733974.40,7.86,7.32,0.36,0.00,600629,4.92,不复权,正常交易,,,
2024-10-08,600629,5.700,5.490,5.800,5.170,59983341,329308542.09,12.19,3.98,0.21,0.00,600629,5.28,不复权,正常交易,,,
2024-10-09,600629,5.380,5.010,5.380,4.980,40414399,202476138.99,8.03,-8.74,-0.48,0.00,600629,5.49,不复权,正常交易,,,
2024-10-10,600629,5.010,5.190,5.420,4.910,50462255,261899103.45,10.39,3.59,0.18,0.00,600629,5.01,不复权,正常交易,,,
2024-10-11,600629,5.200,5.060,5.260,5.000,23241985,117604444.10,5.20,-2.50,-0.13,0.00,600629,5.19,不复权,正常交易,,,
2024-10-14,600629,5.170,5.210,5.210,5.050,23775201,123868797.21,3.17,2.96,0.15,0.00,600629,5.06,不复权,正常交易,,,
2024-10-15,600629,5.150,5.010,5.170,5.010,28656218,143567652.18,3.19,-3.84,-0.20,0.00,600629,5.21,不复权,正常交易,,,
2024-10-16,600629,4.960,5.100,5.120,4.920,29424002,150062410.20,4.07,1.80,0.09,0.00,600629,5.01,不复权,正常交易,,,
2024-10-17,600629,5.120,4.910,5.130,4.890,26503340,130131399.40,4.91,-3.73,-0.19,0.00,600629,5.10,不复权,正常交易,,,
2024-10-18,600629,4.910,4.960,5.040,4.840,23144073,114794602.08,4.13,1.02,0.05,0.00,600629,4.91,不复权,正常交易,,,
2024-10-21,600629,4.970,4.940,4.990,4.910,20404111,100796308.34,1.63,-0.40,-0.02,0.00,600629,4.96,不复权,正常交易,,,
2024-10-22,600629,4.930,5.010,5.020,4.920,16750640,83920706.40,2.03,1.42,0.07,0.00,600629,4.94,不复权,正常交易,,,
2024-10-23,600629,5.010,4.990,5.070,4.970,15792109,78802623.91,2.01,-0.40,-0.02,0.00,600629,5.01,不复权,正常交易,,,
2024-10-24,600629,4.990,4.970,5.000,4.940,10067629,50036116.13,1.21,-0.40,-0.02,0.00,600629,4.99,不复权,正常交易,,,
2024-10-25,600629,4.980,5.100,5.100,4.960,19991874,101958557.40,2.82,2.62,0.13,0.00,600629,4.97,不复权,正常交易,,,
2024-10-28,600629,5.100,5.290,5.340,5.070,35664728,188666411.12,5.33,3.73,0.19,0.00,600629,5.10,不复权,正常交易,,,
2024-10-29,600629,5.290,5.540,5.620,5.160,74841356,414621112.24,8.91,4.73,0.25,0.00,600629,5.29,不复权,正常交易,,,
2024-10-30,600629,5.850,6.090,6.090,5.810,35445698,215864300.82,4.82,9.93,0.55,0.00,600629,5.54,不复权,正常交易,,,
2024-10-31,600629,6.700,6.700,6.700,6.210,142941589,957708646.30,7.89,10.02,0.61,0.00,600629,6.09,不复权,正常交易,,,
2024-11-01,600629,7.030,6.340,7.230,6.190,139208400,882581256.00,16.80,-5.37,-0.36,0.00,600629,6.70,不复权,正常交易,,,
2024-11-04,600629,6.970,6.970,6.970,6.750,40351377,281249097.69,3.26,9.94,0.63,0.00,600629,6.34,不复权,正常交易,,,
2024-11-05,600629,7.670,7.670,7.670,7.670,6512854,49953590.18,0.00,10.04,0.70,0.00,600629,6.97,不复权,正常交易,,,
2024-11-06,600629,8.440,8.440,8.440,8.440,4294523,36245774.12,0.00,10.04,0.77,0.00,600629,7.67,不复权,正常交易,,,
2024-11-07,600629,9.280,9.150,9.280,8.440,250195473,2289288577.95,9.95,8.41,0.71,0.00,600629,8.44,不复权,正常交易,,,
2024-11-08,600629,8.370,9.150,9.890,8.370,177041031,1619925433.65,18.16,0.00,0.00,0.00,600629,9.15,不复权,正常交易,,,
2024-11-11,600629,9.580,9.010,9.800,8.910,143547269,1293360893.69,9.99,-1.53,-0.14,0.00,600629,9.15,不复权,正常交易,,,
2024-11-12,600629,8.890,8.570,9.170,8.470,103100126,883568079.82,8.26,-4.88,-0.44,0.00,600629,9.01,不复权,正常交易,,,
2024-11-13,600629,9.260,9.430,9.430,8.880,166636421,1571381450.03,6.19,10.04,0.86,0.00,600629,8.57,不复权,正常交易,,,
2024-11-14,600629,9.000,10.370,10.370,8.900,156079204,1618541345.48,16.52,9.97,0.94,0.00,600629,9.43,不复权,正常交易,,,
2024-11-15,600629,10.000,9.580,11.320,9.580,181064672,1734599557.76,18.16,-7.62,-0.79,0.00,600629,10.37,不复权,正常交易,,,
2024-11-18,600629,9.570,8.620,9.580,8.620,80601119,694781645.78,11.14,-10.02,-0.96,0.00,600629,9.58,不复权,正常交易,,,
2024-11-19,600629,8.000,8.100,8.320,7.760,95898482,776777704.20,7.22,-6.03,-0.52,0.00,600629,8.62,不复权,正常交易,,,
2024-11-20,600629,8.130,8.410,8.470,8.050,69024136,580492983.76,5.22,3.83,0.31,0.00,600629,8.10,不复权,正常交易,,,
2024-11-21,600629,8.350,8.350,8.530,8.250,58563058,489001534.30,3.39,-0.71,-0.06,0.00,600629,8.41,不复权,正常交易,,,
2024-11-22,600629,8.340,7.900,8.480,7.900,49911327,394299483.30,7.34,-5.39,-0.45,0.00,600629,8.35,不复权,正常交易,,,
2024-11-25,600629,7.830,7.570,7.900,7.360,51565570,390351364.90,7.34,-4.18,-0.33,0.00,600629,7.90,不复权,正常交易,,,
2024-11-26,600629,7.560,7.450,7.650,7.410,28868033,215066845.85,3.24,-1.59,-0.12,0.00,600629,7.57,不复权,正常交易,,,
2024-11-27,600629,7.430,7.650,7.660,7.180,40358029,308738921.85,6.69,2.68,0.20,0.00,600629,7.45,不复权,正常交易,,,
2024-11-28,600629,7.650,7.630,7.740,7.540,29635164,226116301.32,2.65,-0.26,-0.02,0.00,600629,7.65,不复权,正常交易,,,
2024-11-29,600629,7.650,7.640,7.720,7.430,34989752,267321705.28,3.90,0.13,0.01,0.00,600629,7.63,不复权,正常交易,,,
2024-12-02,600629,7.600,7.950,7.950,7.560,47800449,380013569.55,5.16,4.06,0.31,0.00,600629,7.64,不复权,正常交易,,,
2024-12-03,600629,7.920,7.860,7.920,7.690,41931393,329580748.98,2.99,-1.13,-0.09,0.00,600629,7.95,不复权,正常交易,,,
2024-12-04,600629,7.800,7.600,7.840,7.540,29607432,225016483.20,3.98,-3.31,-0.26,0.00,600629,7.86,不复权,正常交易,,,
2024-12-05,600629,7.510,7.750,7.790,7.500,27523795,213309411.25,3.87,1.97,0.15,0.00,600629,7.60,不复权,正常交易,,,
2024-12-06,600629,7.750,7.800,7.850,7.670,25590019,199602148.20,2.35,0.65,0.05,0.00,600629,7.75,不复权,正常交易,,,
2024-12-09,600629,7.790,7.840,8.040,7.690,37401670,293229092.80,4.55,0.51,0.04,0.00,600629,7.80,不复权,正常交易,,,
2024-12-10,600629,8.080,7.690,8.080,7.670,38226329,293960470.01,5.35,-1.91,-0.15,0.00,600629,7.84,不复权,正常交易,,,
2024-12-11,600629,7.930,7.980,8.040,7.820,50118938,399949125.24,2.81,3.77,0.29,0.00,600629,7.69,不复权,正常交易,,,
2024-12-12,600629,7.950,8.230,8.500,7.800,66026227,543395848.21,8.97,3.13,0.25,0.00,600629,7.98,不复权,正常交易,,,
2024-12-13,600629,8.200,9.050,9.050,8.080,78178356,707514121.80,12.00,9.96,0.82,0.00,600629,8.23,不复权,正常交易,,,
2024-12-16,600629,9.150,9.300,9.960,8.730,118988852,1106596323.60,14.09,2.76,0.25,0.00,600629,9.05,不复权,正常交易,,,
2024-12-17,600629,9.090,8.560,9.250,8.510,66611849,570197427.44,8.70,-7.96,-0.74,0.00,600629,9.30,不复权,正常交易,,,
2024-12-18,600629,8.500,8.570,8.950,8.460,46030346,394480065.22,5.79,0.12,0.01,0.00,600629,8.56,不复权,正常交易,,,
2024-12-19,600629,8.360,8.200,8.570,8.110,44340491,363592026.20,5.67,-4.32,-0.37,0.00,600629,8.57,不复权,正常交易,,,
2024-12-20,600629,8.200,8.130,8.290,8.110,28823140,234332128.20,2.22,-0.85,-0.07,0.00,600629,8.20,不复权,正常交易,,,
2024-12-23,600629,8.070,7.660,8.080,7.660,33738112,258433937.92,5.48,-5.78,-0.47,0.00,600629,8.13,不复权,正常交易,,,
2024-12-24,600629,7.710,7.910,8.180,7.560,41320241,326843106.31,8.20,3.26,0.25,0.00,600629,7.66,不复权,正常交易,,,
2024-12-25,600629,7.860,8.010,8.270,7.770,38564007,308897696.07,6.44,1.26,0.10,0.00,600629,7.91,不复权,正常交易,,,
2024-12-26,600629,8.020,7.990,8.200,7.920,28929990,231150620.10,3.54,-0.25,-0.02,0.00,600629,8.01,不复权,正常交易,,,
2024-12-27,600629,7.910,8.150,8.360,7.850,36037823,293708257.45,6.50,2.00,0.16,0.00,600629,7.99,不复权,正常交易,,,
2024-12-30,600629,8.310,8.970,8.970,8.250,41304386,370500342.42,8.73,10.06,0.82,0.00,600629,8.15,不复权,正常交易,,,
2024-12-31,600629,9.380,9.220,9.810,9.010,103412530,953463526.60,8.88,2.79,0.25,0.00,600629,8.97,不复权,正常交易,,,
2025-01-02,600629,8.940,8.370,9.110,8.300,72264322,604852375.14,9.76,-9.22,-0.85,0.00,600629,9.22,不复权,正常交易,,,
2025-01-03,600629,8.260,7.840,8.350,7.780,47261673,370531516.32,7.33,-6.33,-0.53,0.00,600629,8.37,不复权,正常交易,,,
2025-01-06,600629,7.780,7.360,7.880,7.310,36743800,270434368.00,7.80,-6.12,-0.48,0.00,600629,7.84,不复权,正常交易,,,
2025-01-07,600629,7.470,8.100,8.100,7.440,11816445,95713204.50,8.87,10.05,0.74,0.00,600629,7.36,不复权,正常交易,,,
2025-01-08,600629,8.390,8.560,8.710,8.090,79220803,678130073.68,7.66,5.68,0.46,0.00,600629,8.10,不复权,正常交易,,,
2025-01-09,600629,8.570,8.490,8.670,8.350,44304634,376146342.66,3.83,-0.82,-0.07,0.00,600629,8.56,不复权,正常交易,,,
2025-01-10,600629,8.400,8.250,8.740,8.250,40679531,335606130.75,5.94,-2.83,-0.24,0.00,600629,8.49,不复权,正常交易,,,
2025-01-13,600629,7.950,7.970,8.070,7.790,31050091,247469225.27,3.59,-3.39,-0.28,0.00,600629,8.25,不复权,正常交易,,,
2025-01-14,600629,8.100,8.380,8.380,8.100,31383500,262993730.00,3.46,5.14,0.41,0.00,600629,7.97,不复权,正常交易,,,
2025-01-15,600629,8.410,8.110,8.480,8.080,29052586,235616472.46,4.95,-3.22,-0.27,0.00,600629,8.38,不复权,正常交易,,,
2025-01-16,600629,8.160,8.110,8.420,8.020,27400600,222218866.00,4.99,0.00,0.00,0.00,600629,8.11,不复权,正常交易,,,
2025-01-17,600629,8.030,7.930,8.040,7.750,27460008,217757863.44,3.74,-2.22,-0.18,0.00,600629,8.11,不复权,正常交易,,,
2025-01-20,600629,7.940,7.910,8.040,7.850,18383543,145413825.13,2.42,-0.25,-0.02,0.00,600629,7.93,不复权,正常交易,,,
2025-01-21,600629,7.960,8.060,8.240,7.840,31616640,254830118.40,5.10,1.90,0.15,0.00,600629,7.91,不复权,正常交易,,,
2025-01-22,600629,8.000,7.800,8.000,7.760,20556529,160340926.20,3.09,-3.23,-0.26,0.00,600629,8.06,不复权,正常交易,,,
2025-01-23,600629,7.950,7.820,8.230,7.820,31762650,248383923.00,5.24,0.26,0.02,0.00,600629,7.80,不复权,正常交易,,,
2025-01-24,600629,7.830,7.890,7.920,7.700,19681037,155283381.93,2.86,0.90,0.07,0.00,600629,7.82,不复权,正常交易,,,
2025-01-27,600629,8.140,8.350,8.680,8.100,51895895,433330723.25,7.16,5.83,0.46,0.00,600629,7.89,不复权,正常交易,,,
2025-02-05,600629,8.150,8.380,8.390,8.000,34293330,287378105.40,4.88,0.36,0.03,0.00,600629,8.35,不复权,正常交易,,,
2025-02-06,600629,8.300,8.460,8.490,8.230,29398050,248707503.00,3.16,0.95,0.08,0.00,600629,8.38,不复权,正常交易,,,
2025-02-07,600629,8.470,8.980,8.990,8.400,51008630,458057497.40,7.02,6.15,0.52,0.00,600629,8.46,不复权,正常交易,,,
2025-02-10,600629,8.900,8.990,8.990,8.700,42956335,386177451.65,3.33,0.11,0.01,0.00,600629,8.98,不复权,正常交易,,,
2025-02-11,600629,9.070,8.830,9.260,8.800,43100315,380575781.45,5.23,-1.78,-0.16,0.00,600629,8.99,不复权,正常交易,,,
2025-02-12,600629,8.810,8.950,9.200,8.770,36509861,326763255.95,4.90,1.36,0.12,0.00,600629,8.83,不复权,正常交易,,,
2025-02-13,600629,8.960,8.820,9.080,8.810,30773152,271419200.64,3.06,-1.45,-0.13,0.00,600629,8.95,不复权,正常交易,,,
2025-02-14,600629,8.820,8.580,8.860,8.510,32774720,281207097.60,4.11,-2.72,-0.24,0.00,600629,8.82,不复权,正常交易,,,
2025-02-17,600629,8.490,8.560,8.650,8.460,24889918,213057698.08,2.25,-0.23,-0.02,0.00,600629,8.58,不复权,正常交易,,,
2025-02-18,600629,8.560,8.170,8.580,8.150,25938882,211920665.94,5.28,-4.56,-0.39,0.00,600629,8.56,不复权,正常交易,,,
2025-02-19,600629,8.180,8.380,8.390,8.170,18866760,158103448.80,2.69,2.57,0.21,0.00,600629,8.17,不复权,正常交易,,,
2025-02-20,600629,8.310,8.400,8.470,8.200,20591867,172971682.80,3.29,0.24,0.02,0.00,600629,8.38,不复权,正常交易,,,
2025-02-21,600629,8.400,8.380,8.430,8.170,25556978,214167475.64,3.18,-0.24,-0.02,0.00,600629,8.40,不复权,正常交易,,,
2025-02-24,600629,8.380,8.330,8.460,8.240,22313664,185872821.12,2.67,-0.60,-0.05,0.00,600629,8.38,不复权,正常交易,,,
2025-02-25,600629,8.220,8.180,8.290,8.120,19182182,156910248.76,2.09,-1.80,-0.15,0.00,600629,8.33,不复权,正常交易,,,
2025-02-26,600629,8.200,8.220,8.260,8.150,16188120,133066346.40,1.35,0.49,0.04,0.00,600629,8.18,不复权,正常交易,,,
2025-02-27,600629,8.230,8.370,8.700,8.220,43470369,363846988.53,5.84,1.82,0.15,0.00,600629,8.22,不复权,正常交易,,,
2025-02-28,600629,8.250,8.050,8.290,8.000,28527936,229649884.80,3.62,-3.82,-0.32,0.00,600629,8.37,不复权,正常交易,,,
2025-03-03,600629,7.970,8.100,8.200,7.880,20747778,168057001.80,4.06,0.62,0.05,0.00,600629,8.05,不复权,正常交易,,,
2025-03-04,600629,8.020,8.220,8.220,7.990,14106200,115952964.00,2.88,1.48,0.12,0.00,600629,8.10,不复权,正常交易,,,
2025-03-05,600629,8.220,8.110,8.230,8.030,14398922,116775257.42,2.49,-1.34,-0.11,0.00,600629,8.22,不复权,正常交易,,,
2025-03-06,600629,8.220,8.200,8.250,8.130,16500100,135300820.00,1.48,1.11,0.09,0.00,600629,8.11,不复权,正常交易,,,
2025-03-07,600629,8.170,8.200,8.280,8.080,17835182,146248492.40,2.48,0.00,0.00,0.00,600629,8.20,不复权,正常交易,,,
2025-03-10,600629,8.150,8.170,8.240,8.070,14240271,116343014.07,2.11,-0.37,-0.03,0.00,600629,8.20,不复权,正常交易,,,
2025-03-11,600629,8.270,8.420,8.670,8.240,41250646,347330439.32,5.22,3.06,0.25,0.00,600629,8.17,不复权,正常交易,,,
2025-03-12,600629,8.300,8.330,8.380,8.230,26391870,219844277.10,1.82,-1.07,-0.09,0.00,600629,8.42,不复权,正常交易,,,
2025-03-13,600629,8.260,8.150,8.310,8.090,18516313,150907950.95,2.72,-2.16,-0.18,0.00,600629,8.33,不复权,正常交易,,,
2025-03-14,600629,8.110,8.200,8.200,8.090,13978807,114626217.40,1.36,0.61,0.05,0.00,600629,8.15,不复权,正常交易,,,
2025-03-17,600629,8.200,8.480,8.620,8.190,34241529,290368165.92,5.25,3.41,0.28,0.00,600629,8.20,不复权,正常交易,,,
2025-03-18,600629,8.470,8.500,8.520,8.370,19420662,165075627.00,1.79,0.24,0.02,0.00,600629,8.48,不复权,正常交易,,,
2025-03-19,600629,8.470,8.310,8.480,8.280,14651800,121756458.00,2.42,-2.24,-0.19,0.00,600629,8.50,不复权,正常交易,,,
2025-03-20,600629,8.290,8.260,8.410,8.230,12571460,103840259.60,2.19,-0.60,-0.05,0.00,600629,8.31,不复权,正常交易,,,
2025-03-21,600629,8.210,8.260,8.360,8.160,14314765,118239958.90,2.45,0.00,0.00,0.00,600629,8.26,不复权,正常交易,,,
2025-03-24,600629,8.200,7.950,8.260,7.770,24629199,195802132.05,6.31,-3.75,-0.31,0.00,600629,8.26,不复权,正常交易,,,
2025-03-25,600629,7.930,7.920,7.970,7.850,9809133,77688333.36,1.53,-0.38,-0.03,0.00,600629,7.95,不复权,正常交易,,,
2025-03-26,600629,7.920,7.960,8.040,7.890,8801786,70062216.56,1.90,0.51,0.04,0.00,600629,7.92,不复权,正常交易,,,
2025-03-27,600629,7.910,8.010,8.150,7.840,11520288,92277506.88,3.95,0.63,0.05,0.00,600629,7.96,不复权,正常交易,,,
2025-03-28,600629,7.980,8.100,8.310,7.970,18315965,148359316.50,4.27,1.12,0.09,0.00,600629,8.01,不复权,正常交易,,,
2025-03-31,600629,8.030,7.880,8.050,7.800,13640973,107490867.24,3.21,-2.72,-0.22,0.00,600629,8.10,不复权,正常交易,,,
2025-04-01,600629,7.890,7.880,7.990,7.830,10080829,79436932.52,2.04,0.00,0.00,0.00,600629,7.88,不复权,正常交易,,,
2025-04-02,600629,7.880,8.020,8.150,7.850,14723457,118082125.14,3.82,1.78,0.14,0.00,600629,7.88,不复权,正常交易,,,
2025-04-03,600629,7.960,7.920,8.050,7.840,10647528,84328421.76,2.68,-1.25,-0.10,0.00,600629,8.02,不复权,正常交易,,,
2025-04-07,600629,7.330,7.130,7.460,7.130,16148200,115136666.00,4.63,-9.97,-0.79,0.00,600629,7.92,不复权,正常交易,,,
2025-04-08,600629,6.800,6.680,6.970,6.450,26081701,174225762.68,8.06,-6.31,-0.45,0.00,600629,7.13,不复权,正常交易,,,
2025-04-09,600629,6.580,6.920,6.990,6.220,23683911,163892664.12,12.38,3.59,0.24,0.00,600629,6.68,不复权,正常交易,,,
2025-04-10,600629,7.010,7.080,7.210,6.970,17128469,121269560.52,3.44,2.31,0.16,0.00,600629,6.92,不复权,正常交易,,,
2025-04-11,600629,6.990,7.130,7.220,6.990,13791229,98331462.77,3.29,0.71,0.05,0.00,600629,7.08,不复权,正常交易,,,
2025-04-14,600629,7.180,7.420,7.660,7.180,23396195,173599766.90,6.69,4.07,0.29,0.00,600629,7.13,不复权,正常交易,,,
2025-04-15,600629,7.430,7.550,7.590,7.400,17013264,128450143.20,2.57,1.75,0.13,0.00,600629,7.42,不复权,正常交易,,,
2025-04-16,600629,7.560,8.310,8.310,7.550,30034665,249588066.15,10.07,10.07,0.76,0.00,600629,7.55,不复权,正常交易,,,
2025-04-17,600629,8.390,8.190,8.520,8.170,64134640,525262701.60,4.28,-1.44,-0.12,0.00,600629,8.31,不复权,正常交易,,,
2025-04-18,600629,8.110,8.180,8.340,8.020,34908473,285551309.14,3.99,-0.12,-0.01,0.00,600629,8.19,不复权,正常交易,,,
2025-04-21,600629,8.150,8.470,8.470,8.130,33473765,283522789.55,4.18,3.55,0.29,0.00,600629,8.18,不复权,正常交易,,,
2025-04-22,600629,8.400,8.410,8.490,8.290,25162035,211612714.35,2.41,-0.71,-0.06,0.00,600629,8.47,不复权,正常交易,,,
2025-04-23,600629,8.430,8.380,8.470,8.340,21275065,178285044.70,1.56,-0.36,-0.03,0.00,600629,8.41,不复权,正常交易,,,
2025-04-24,600629,8.380,8.910,9.220,8.380,87931250,783467437.50,10.02,6.32,0.53,0.00,600629,8.38,不复权,正常交易,,,
2025-04-25,600629,9.080,8.990,9.180,8.850,55727744,500992418.56,3.73,0.90,0.08,0.00,600629,8.91,不复权,正常交易,,,
2025-04-28,600629,8.800,8.150,8.930,8.120,47884873,390261714.95,9.98,-9.34,-0.84,0.00,600629,8.99,不复权,正常交易,,,
2025-04-29,600629,8.210,8.270,8.340,8.090,18817695,155622337.65,3.09,1.47,0.12,0.00,600629,8.15,不复权,正常交易,,,
2025-04-30,600629,8.170,8.160,8.310,8.130,20997033,171335789.28,2.21,-1.33,-0.11,0.00,600629,8.27,不复权,正常交易,,,
2025-05-06,600629,8.260,8.280,8.330,8.200,17467855,144633839.40,1.59,1.47,0.12,0.00,600629,8.16,不复权,正常交易,,,
2025-05-07,600629,8.380,8.250,8.530,8.170,23091489,190504784.25,4.41,-0.36,-0.03,0.00,600629,8.28,不复权,正常交易,,,
2025-05-08,600629,8.300,8.210,8.300,8.180,15426622,126652566.62,1.47,-0.48,-0.04,0.00,600629,8.25,不复权,正常交易,,,
2025-05-09,600629,8.200,8.210,8.480,8.070,28449723,233572225.83,5.08,0.00,0.00,0.00,600629,8.21,不复权,正常交易,,,
2025-05-12,600629,8.230,8.230,8.310,8.170,17504305,144060430.15,1.71,0.24,0.02,0.00,600629,8.21,不复权,正常交易,,,
2025-05-13,600629,8.320,8.160,8.390,8.040,22224355,181350736.80,4.35,-0.85,-0.07,0.00,600629,8.23,不复权,正常交易,,,
2025-05-14,600629,8.100,8.150,8.200,8.030,12465007,101589807.05,2.12,-0.12,-0.01,0.00,600629,8.16,不复权,正常交易,,,
2025-05-15,600629,8.150,8.080,8.180,8.070,9592600,77508208.00,1.36,-0.86,-0.07,0.00,600629,8.15,不复权,正常交易,,,
2025-05-16,600629,8.130,8.420,8.570,8.030,38589362,324922428.04,6.72,4.21,0.34,0.00,600629,8.08,不复权,正常交易,,,
2025-05-19,600629,8.430,8.910,9.060,8.370,52244464,465498174.24,8.24,5.82,0.49,0.00,600629,8.42,不复权,正常交易,,,
2025-05-20,600629,8.920,8.870,8.950,8.720,35482805,314732480.35,2.64,-0.45,-0.04,0.00,600629,8.91,不复权,正常交易,,,
2025-05-21,600629,8.800,8.720,8.830,8.680,17939673,156433948.56,1.73,-1.69,-0.15,0.00,600629,8.87,不复权,正常交易,,,
2025-05-22,600629,8.650,8.570,8.780,8.530,16799893,143975083.01,2.93,-1.72,-0.15,0.00,600629,8.72,不复权,正常交易,,,
2025-05-23,600629,8.550,8.550,8.950,8.450,27204843,232601407.65,5.92,-0.23,-0.02,0.00,600629,8.57,不复权,正常交易,,,
2025-05-26,600629,8.560,8.650,8.890,8.410,29665127,256603348.55,5.71,1.17,0.10,0.00,600629,8.55,不复权,正常交易,,,
2025-05-27,600629,8.520,8.450,8.640,8.300,19607765,165685614.25,4.10,-2.31,-0.20,0.00,600629,8.65,不复权,正常交易,,,
2025-05-28,600629,8.490,8.360,8.530,8.350,12342976,103187279.36,2.16,-1.07,-0.09,0.00,600629,8.45,不复权,正常交易,,,
2025-05-29,600629,8.280,8.470,8.570,8.230,15354581,130053301.07,4.13,1.32,0.11,0.00,600629,8.36,不复权,正常交易,,,
2025-05-30,600629,8.450,8.490,8.530,8.350,13531653,114883733.97,2.16,0.24,0.02,0.00,600629,8.47,不复权,正常交易,,,
2025-06-03,600629,8.400,8.330,8.400,8.270,13105805,109171355.65,1.57,-1.88,-0.16,0.00,600629,8.49,不复权,正常交易,,,
2025-06-04,600629,8.270,8.320,8.390,8.270,8338868,69379381.76,1.45,-0.12,-0.01,0.00,600629,8.33,不复权,正常交易,,,
2025-06-05,600629,8.330,8.250,8.360,8.190,14197530,117129622.50,2.08,-0.84,-0.07,0.00,600629,8.32,不复权,正常交易,,,
2025-06-06,600629,8.240,8.320,8.330,8.220,9942867,82724653.44,1.34,0.85,0.07,0.00,600629,8.25,不复权,正常交易,,,
2025-06-09,600629,8.280,8.330,8.340,8.260,10109154,84209252.82,0.97,0.12,0.01,0.00,600629,8.32,不复权,正常交易,,,
2025-06-10,600629,8.310,8.400,8.550,8.250,21900228,183961915.20,3.64,0.84,0.07,0.00,600629,8.33,不复权,正常交易,,,
2025-06-11,600629,8.350,8.280,8.390,8.270,12540017,103831340.76,1.45,-1.43,-0.12,0.00,600629,8.40,不复权,正常交易,,,
2025-06-12,600629,8.250,8.330,8.340,8.190,12780150,106458649.50,1.83,0.60,0.05,0.00,600629,8.28,不复权,正常交易,,,
2025-06-13,600629,8.260,8.580,8.660,8.220,24963064,214183089.12,5.35,3.00,0.25,0.00,600629,8.33,不复权,正常交易,,,
2025-06-16,600629,8.450,8.540,8.650,8.380,18787419,160444558.26,3.22,-0.47,-0.04,0.00,600629,8.58,不复权,正常交易,,,
2025-06-17,600629,8.570,8.570,8.750,8.500,14789061,126742252.77,2.94,0.35,0.03,0.00,600629,8.54,不复权,正常交易,,,
2025-06-18,600629,8.570,8.730,8.850,8.550,21144795,184594060.35,3.51,1.87,0.16,0.00,600629,8.57,不复权,正常交易,,,
2025-06-19,600629,8.680,8.360,8.710,8.360,18894524,157958220.64,4.19,-4.24,-0.37,0.00,600629,8.73,不复权,正常交易,,,
2025-06-20,600629,8.290,8.240,8.410,8.210,10678702,87992504.48,2.44,-1.44,-0.12,0.00,600629,8.36,不复权,正常交易,,,
2025-06-23,600629,8.110,8.150,8.180,8.020,12166178,99154350.70,2.00,-1.09,-0.09,0.00,600629,8.24,不复权,正常交易,,,
2025-06-24,600629,8.160,8.280,8.350,8.160,12208585,101087083.80,2.33,1.60,0.13,0.00,600629,8.15,不复权,正常交易,,,
2025-06-25,600629,8.280,8.400,8.470,8.250,16181978,135928615.20,2.67,1.45,0.12,0.00,600629,8.28,不复权,正常交易,,,
2025-06-26,600629,8.400,8.330,8.440,8.310,13592064,113221893.12,1.56,-0.83,-0.07,0.00,600629,8.40,不复权,正常交易,,,
2025-06-27,600629,8.340,8.410,8.580,8.310,16695292,140407405.72,3.25,0.96,0.08,0.00,600629,8.33,不复权,正常交易,,,
2025-06-30,600629,8.380,8.430,8.490,8.360,12495800,105339594.00,1.56,0.24,0.02,0.00,600629,8.41,不复权,正常交易,,,
2025-07-01,600629,8.460,8.470,8.590,8.360,16695525,141411096.75,2.75,0.47,0.04,0.00,600629,8.43,不复权,正常交易,,,
2025-07-02,600629,8.460,8.520,8.640,8.370,16998277,144825320.04,3.23,0.59,0.05,0.00,600629,8.47,不复权,正常交易,,,
2025-07-03,600629,8.500,8.470,8.530,8.370,11739810,99436190.70,1.91,-0.59,-0.05,0.00,600629,8.52,不复权,正常交易,,,
2025-07-04,600629,8.420,8.550,8.640,8.420,19280676,164849779.80,2.61,0.94,0.08,0.00,600629,8.47,不复权,正常交易,,,
2025-07-07,600629,8.550,8.650,8.760,8.350,24841951,214882876.15,4.91,1.17,0.10,0.00,600629,8.55,不复权,正常交易,,,
2025-07-08,600629,8.600,8.690,8.730,8.600,14205675,123447315.75,1.51,0.46,0.04,0.00,600629,8.65,不复权,正常交易,,,
2025-07-09,600629,8.680,8.630,8.830,8.610,17140630,147923636.90,2.56,-0.69,-0.06,0.00,600629,8.69,不复权,正常交易,,,
2025-07-10,600629,8.610,8.820,8.960,8.590,27267396,240498432.72,4.31,2.20,0.19,0.00,600629,8.63,不复权,正常交易,,,
2025-07-11,600629,8.900,8.720,8.900,8.700,19036200,165995664.00,2.30,-1.13,-0.10,0.00,600629,8.82,不复权,正常交易,,,
2025-07-14,600629,8.650,9.030,9.030,8.620,24512657,221349292.71,4.76,3.56,0.31,0.00,600629,8.72,不复权,正常交易,,,
2025-07-15,600629,8.900,8.770,9.070,8.740,22780160,199782003.20,3.78,-2.88,-0.26,0.00,600629,9.03,不复权,正常交易,,,
2025-07-16,600629,8.740,8.720,8.940,8.670,18996870,165652706.40,3.11,-0.57,-0.05,0.00,600629,8.77,不复权,正常交易,,,
2025-07-17,600629,8.720,8.700,8.770,8.640,12635789,109931364.30,1.50,-0.23,-0.02,0.00,600629,8.72,不复权,正常交易,,,
2025-07-18,600629,8.660,9.570,9.570,8.600,53010026,507305948.82,11.28,10.00,0.87,0.00,600629,8.70,不复权,正常交易,,,
2025-07-21,600629,10.320,10.530,10.530,10.180,22961128,241780677.84,3.44,10.03,0.96,0.00,600629,9.57,不复权,正常交易,,,
2025-07-22,600629,11.580,11.580,11.580,11.580,6997082,81026209.56,0.00,9.97,1.05,0.00,600629,10.53,不复权,正常交易,,,
2025-07-23,600629,12.010,11.140,12.730,10.660,154982006,1726499546.84,19.42,-3.80,-0.44,0.00,600629,11.58,不复权,正常交易,,,
2025-07-24,600629,10.500,10.990,11.500,10.500,99182498,1090015653.02,9.52,-1.35,-0.15,0.00,600629,11.14,不复权,正常交易,,,
2025-07-25,600629,10.660,11.540,11.880,10.140,111034368,1281336606.72,17.16,5.00,0.55,0.00,600629,10.99,不复权,正常交易,,,
2025-07-28,600629,11.540,12.370,12.690,11.350,111832211,1383364450.07,11.81,7.19,0.83,0.00,600629,11.54,不复权,正常交易,,,
2025-07-29,600629,12.100,11.840,12.680,11.810,92301729,1092852471.36,7.37,-4.28,-0.53,0.00,600629,12.37,不复权,正常交易,,,
2025-07-30,600629,11.650,11.510,11.900,11.330,61684481,709988376.31,5.03,-2.79,-0.33,0.00,600629,11.84,不复权,正常交易,,,
2025-07-31,600629,11.570,12.450,12.660,11.480,125682825,1564751171.25,10.28,8.17,0.94,0.00,600629,11.51,不复权,正常交易,,,
2025-08-01,600629,11.830,13.700,13.700,11.620,108273046,1483340730.20,17.90,10.04,1.25,0.00,600629,12.45,不复权,正常交易,,,
2025-08-04,600629,13.760,13.260,14.260,13.160,127003444,1684065667.44,8.36,-3.21,-0.44,0.00,600629,13.70,不复权,正常交易,,,
2025-08-05,600629,12.900,13.400,13.940,12.900,88391995,1184452733.00,8.06,1.06,0.14,0.00,600629,13.26,不复权,正常交易,,,
2025-08-06,600629,13.100,13.670,14.440,12.920,91643273,1252763541.91,11.76,2.01,0.27,0.00,600629,13.40,不复权,正常交易,,,
2025-08-07,600629,13.460,14.530,15.000,13.430,98765737,1435066158.61,11.69,6.29,0.86,0.00,600629,13.67,不复权,正常交易,,,
2025-08-08,600629,14.500,15.550,15.890,14.300,95994528,1492714910.40,11.12,7.02,1.02,0.00,600629,14.53,不复权,正常交易,,,
2025-08-11,600629,15.000,15.380,15.600,14.700,80134316,1232465780.08,6.12,-1.09,-0.17,0.00,600629,15.55,不复权,正常交易,,,
2025-08-12,600629,15.150,15.970,16.480,15.020,77194601,1232797777.97,9.72,3.84,0.59,0.00,600629,15.38,不复权,正常交易,,,
2025-08-13,600629,15.270,15.040,15.720,14.580,88054788,1324344011.52,7.82,-5.82,-0.93,0.00,600629,15.97,不复权,正常交易,,,
2025-08-14,600629,15.090,13.540,15.390,13.540,83979186,1137078178.44,13.66,-9.97,-1.50,0.00,600629,15.04,不复权,正常交易,,,
2025-08-15,600629,13.020,13.830,13.970,13.020,50776908,702244637.64,7.30,2.14,0.29,0.00,600629,13.54,不复权,正常交易,,,
2025-08-18,600629,13.750,13.510,13.980,13.480,57121281,771708506.31,3.71,-2.31,-0.32,0.00,600629,13.83,不复权,正常交易,,,
2025-08-19,600629,13.590,13.560,13.900,13.320,46496278,630489529.68,4.35,0.37,0.05,0.00,600629,13.51,不复权,正常交易,,,
2025-08-20,600629,13.600,13.550,13.720,13.240,40341323,546624926.65,3.63,-0.07,-0.01,0.00,600629,13.56,不复权,正常交易,,,
2025-08-21,600629,13.530,14.500,14.890,13.450,79147494,1147638663.00,10.71,7.01,0.95,0.00,600629,13.55,不复权,正常交易,,,
2025-08-22,600629,14.400,14.550,14.750,14.130,52356983,761794102.65,4.39,0.34,0.05,0.00,600629,14.50,不复权,正常交易,,,
2025-08-25,600629,14.530,14.400,14.950,14.200,54722832,788008780.80,5.28,-1.03,-0.15,0.00,600629,14.55,不复权,正常交易,,,
2025-08-26,600629,14.400,14.490,14.780,13.870,44747510,648391419.90,6.56,0.62,0.09,0.00,600629,14.40,不复权,正常交易,,,
2025-08-27,600629,14.320,13.940,14.940,13.880,41956341,584871393.54,7.64,-3.80,-0.55,0.00,600629,14.49,不复权,正常交易,,,
2025-08-28,600629,13.800,14.880,14.900,13.750,68872440,1024821907.20,8.36,6.74,0.94,0.00,600629,13.94,不复权,正常交易,,,
2025-08-29,600629,15.060,15.150,15.320,14.680,58394991,884684113.65,4.36,1.81,0.27,0.00,600629,14.88,不复权,正常交易,,,
2025-09-01,600629,15.150,15.460,15.800,14.660,65824396,1017645162.16,7.78,2.05,0.31,0.00,600629,15.15,不复权,正常交易,,,
2025-09-02,600629,15.310,14.260,15.620,13.940,65654955,936239658.30,12.05,-7.76,-1.20,0.00,600629,15.46,不复权,正常交易,,,
2025-09-03,600629,14.260,14.360,15.250,14.180,52933446,760124284.56,7.55,0.70,0.10,0.00,600629,14.26,不复权,正常交易,,,
2025-09-04,600629,14.150,12.990,14.350,12.920,54721179,710828115.21,11.07,-9.54,-1.37,0.00,600629,14.36,不复权,正常交易,,,
2025-09-05,600629,13.200,13.260,13.350,12.800,28097924,372578472.24,4.30,2.08,0.27,0.00,600629,12.99,不复权,正常交易,,,
2025-09-08,600629,13.060,13.200,13.370,12.610,40043127,528569276.40,6.03,-0.45,-0.06,0.00,600629,13.26,不复权,正常交易,,,
2025-09-09,600629,12.890,12.710,13.170,12.710,26251859,333661127.89,3.62,-3.71,-0.49,0.00,600629,13.20,不复权,正常交易,,,
2025-09-10,600629,12.700,12.910,13.070,12.600,22268005,287479944.55,3.73,1.57,0.20,0.00,600629,12.71,不复权,正常交易,,,
2025-09-11,600629,12.850,14.200,14.200,12.850,44116220,626450324.00,10.51,9.99,1.29,0.00,600629,12.91,不复权,正常交易,,,
2025-09-12,600629,15.290,15.620,15.620,15.000,28982768,452710836.16,4.13,10.00,1.42,0.00,600629,14.20,不复权,正常交易,,,
2025-09-15,600629,17.150,17.180,17.180,15.740,62988911,1082149490.98,9.15,9.99,1.56,0.00,600629,15.62,不复权,正常交易,,,
2025-09-16,600629,18.580,18.900,18.900,17.590,78963986,1492419335.40,7.45,10.01,1.72,0.00,600629,17.18,不复权,正常交易,,,
2025-09-17,600629,19.180,18.190,20.000,17.860,138254806,2514854921.14,11.98,-3.76,-0.71,0.00,600629,18.90,不复权,正常交易,,,
2025-09-18,600629,18.000,17.990,18.950,17.670,87686983,1577488824.17,7.24,-1.10,-0.20,0.00,600629,18.19,不复权,正常交易,,,
2025-09-19,600629,18.390,19.250,19.790,18.300,95425659,1836943935.75,8.14,7.00,1.26,0.00,600629,17.99,不复权,正常交易,,,
2025-09-22,600629,19.300,19.190,19.700,18.780,64173176,1231483247.44,4.90,-0.31,-0.06,0.00,600629,19.25,不复权,正常交易,,,
2025-09-23,600629,19.400,19.600,19.890,18.700,72143949,1414021400.40,6.36,2.14,0.41,0.00,600629,19.19,不复权,正常交易,,,
2025-09-24,600629,19.260,19.590,19.980,18.830,52113363,1020900781.17,6.11,-0.05,-0.01,0.00,600629,19.60,不复权,正常交易,,,
2025-09-25,600629,19.600,21.550,21.550,19.530,49057362,1057186151.10,10.34,10.01,1.96,0.00,600629,19.59,不复权,正常交易,,,
2025-09-26,600629,23.230,23.710,23.710,22.750,40357037,956865347.27,4.22,10.02,2.16,0.00,600629,21.55,不复权,正常交易,,,
2025-09-29,600629,26.000,26.080,26.080,24.000,30261610,789222788.80,8.67,10.00,2.37,0.00,600629,23.71,不复权,正常交易,,,
2025-09-30,600629,28.580,28.690,28.690,27.410,70253375,2015569328.75,4.67,10.01,2.61,0.00,600629,26.08,不复权,正常交易,,,
2025-10-09,600629,29.000,28.300,31.450,26.740,114036045,3227220073.50,17.61,-1.36,-0.39,0.00,600629,28.69,不复权,正常交易,,,
2025-10-10,600629,25.480,29.740,30.830,25.480,108137752,3216016744.48,21.00,5.09,1.44,0.00,600629,28.30,不复权,正常交易,,,
2025-10-13,600629,28.700,29.330,30.630,28.440,68272303,2002426646.99,7.70,-1.38,-0.41,0.00,600629,29.74,不复权,正常交易,,,
2025-10-14,600629,29.510,30.770,32.260,29.310,97387818,2996623159.86,10.06,4.91,1.44,0.00,600629,29.33,不复权,正常交易,,,
2025-10-15,600629,30.470,33.850,33.850,29.720,84942274,2875295974.90,13.90,10.01,3.08,0.00,600629,30.77,不复权,正常交易,,,
2025-10-16,600629,35.180,37.240,37.240,35.000,61261726,2281386676.24,6.40,10.01,3.39,0.00,600629,33.85,不复权,正常交易,,,
2025-10-17,600629,37.770,38.100,39.800,37.040,92007559,3505487997.90,7.45,2.31,0.86,0.00,600629,37.24,不复权,正常交易,,,
2025-10-20,600629,38.800,37.210,39.280,34.290,68566803,2551370739.63,14.55,-2.34,-0.89,0.00,600629,38.10,不复权,正常交易,,,
2025-10-21,600629,37.180,40.930,40.930,36.950,49173093,2012654696.49,10.77,10.00,3.72,0.00,600629,37.21,不复权,正常交易,,,
2025-10-22,600629,36.840,36.840,36.840,36.840,8918100,328542804.00,0.00,-9.99,-4.09,0.00,600629,40.93,不复权,正常交易,,,
2025-10-23,600629,33.160,33.160,33.160,33.160,1610900,53417444.00,0.00,-9.99,-3.68,0.00,600629,36.84,不复权,正常交易,,,
2025-10-24,600629,29.840,29.840,29.840,29.840,18742800,559285152.00,0.00,-10.01,-3.32,0.00,600629,33.16,不复权,正常交易,,,
2025-10-27,600629,27.500,26.860,28.630,26.860,156498964,4203562173.04,6.59,-9.99,-2.98,0.00,600629,29.84,不复权,正常交易,,,
2025-10-28,600629,25.770,24.180,26.130,24.180,145558212,3519597566.16,8.06,-9.98,-2.68,0.00,600629,26.86,不复权,正常交易,,,
2025-10-29,600629,24.000,24.440,25.120,23.160,113819072,2781738119.68,8.46,1.08,0.26,0.00,600629,24.18,不复权,正常交易,,,
2025-10-30,600629,24.070,22.990,24.540,22.830,101881825,2342263156.75,7.49,-5.93,-1.45,0.00,600629,24.44,不复权,正常交易,,,
2025-10-31,600629,22.700,23.020,23.530,22.390,66631985,1533868294.70,5.09,0.13,0.03,0.00,600629,22.99,不复权,正常交易,,,
2025-11-03,600629,22.910,23.420,23.640,22.600,58927282,1380076944.44,4.60,1.74,0.40,0.00,600629,23.02,不复权,正常交易,,,
2025-11-04,600629,23.030,24.010,24.480,23.030,79637971,1912107683.71,6.30,2.52,0.59,0.00,600629,23.42,不复权,正常交易,,,
2025-11-05,600629,23.700,23.200,23.860,22.930,64095549,1487016736.80,4.06,-3.37,-0.81,0.00,600629,24.01,不复权,正常交易,,,
2025-11-06,600629,23.000,22.500,23.320,22.460,63487720,1428473700.00,3.83,-3.02,-0.70,0.00,600629,23.20,不复权,正常交易,,,
2025-11-07,600629,22.390,21.790,22.790,21.780,62469698,1361214719.42,4.64,-3.16,-0.71,0.00,600629,22.50,不复权,正常交易,,,
2025-11-10,600629,22.170,21.980,22.170,21.590,48491209,1065836773.82,2.69,0.87,0.19,0.00,600629,21.79,不复权,正常交易,,,
2025-11-11,600629,22.050,21.800,22.420,21.800,45677994,995780269.20,2.84,-0.82,-0.18,0.00,600629,21.98,不复权,正常交易,,,
2025-11-12,600629,21.720,21.900,22.100,21.540,35306967,773222577.30,2.60,0.46,0.10,0.00,600629,21.80,不复权,正常交易,,,
2025-11-13,600629,21.900,21.960,22.100,21.710,35839138,787027470.48,1.80,0.27,0.06,0.00,600629,21.90,不复权,正常交易,,,
2025-11-14,600629,21.880,21.600,22.210,21.580,39066213,843830200.80,2.92,-1.64,-0.36,0.00,600629,21.96,不复权,正常交易,,,
2025-11-17,600629,21.540,21.280,21.750,21.120,38462930,818491150.40,2.98,-1.48,-0.32,0.00,600629,21.60,不复权,正常交易,,,
2025-11-18,600629,21.350,21.070,21.410,20.980,31995192,674138695.44,2.05,-0.99,-0.21,0.00,600629,21.28,不复权,正常交易,,,
2025-11-19,600629,21.010,20.690,21.150,20.480,32771088,678033810.72,3.27,-1.80,-0.38,0.00,600629,21.07,不复权,正常交易,,,
2025-11-20,600629,20.780,20.580,20.870,20.470,25146351,517511903.58,1.95,-0.53,-0.11,0.00,600629,20.69,不复权,正常交易,,,
2025-11-21,600629,20.380,19.700,20.650,19.650,35373308,696854167.60,5.09,-4.28,-0.88,0.00,600629,20.58,不复权,正常交易,,,
2025-11-24,600629,20.000,21.670,21.670,19.990,58061484,1258192358.28,8.40,10.00,1.97,0.00,600629,19.70,不复权,正常交易,,,
2025-11-25,600629,21.960,21.100,22.000,21.100,95528155,2015644070.50,4.27,-2.63,-0.57,0.00,600629,21.67,不复权,正常交易,,,
2025-11-26,600629,21.400,21.500,22.150,21.210,81865981,1760118591.50,4.43,1.90,0.40,0.00,600629,21.10,不复权,正常交易,,,
2025-11-27,600629,21.310,21.590,22.230,21.310,77331724,1669591921.16,4.32,0.42,0.09,0.00,600629,21.50,不复权,正常交易,,,
2025-11-28,600629,21.400,22.130,22.540,21.010,82967210,1836064357.30,7.28,2.50,0.54,0.00,600629,21.59,不复权,正常交易,,,
2025-12-01,600629,21.850,21.410,22.080,21.300,63937207,1368895601.87,3.66,-3.25,-0.72,0.00,600629,22.13,不复权,正常交易,,,
2025-12-02,600629,21.300,20.840,21.400,20.570,47772725,995583589.00,4.04,-2.66,-0.57,0.00,600629,21.41,不复权,正常交易,,,
2025-12-03,600629,21.000,20.150,21.090,20.070,37355062,752704499.30,5.08,-3.31,-0.69,0.00,600629,20.84,不复权,正常交易,,,
2025-12-04,600629,20.010,19.500,20.230,19.310,40917615,797893492.50,4.76,-3.23,-0.65,0.00,600629,20.15,不复权,正常交易,,,
2025-12-05,600629,19.500,19.770,19.850,19.130,30106077,595197142.29,3.76,1.38,0.27,0.00,600629,19.50,不复权,正常交易,,,
2025-12-08,600629,19.780,20.000,20.240,19.780,27604985,552099700.00,2.33,1.16,0.23,0.00,600629,19.77,不复权,正常交易,,,
2025-12-09,600629,20.000,19.940,20.350,19.850,21758641,433867301.54,2.52,-0.30,-0.06,0.00,600629,20.00,不复权,正常交易,,,
2025-12-10,600629,19.810,20.090,20.100,19.700,20528424,412416038.16,2.03,0.75,0.15,0.00,600629,19.94,不复权,正常交易,,,
2025-12-11,600629,20.100,19.530,20.130,19.490,24305200,474680556.00,3.28,-2.79,-0.56,0.00,600629,20.09,不复权,正常交易,,,
2025-12-12,600629,19.430,19.600,19.620,19.220,27466703,538347378.80,2.08,0.36,0.07,0.00,600629,19.53,不复权,正常交易,,,
2025-12-15,600629,19.380,19.170,19.560,19.120,22229964,426148409.88,2.30,-2.19,-0.43,0.00,600629,19.60,不复权,正常交易,,,
2025-12-16,600629,19.140,18.450,19.270,18.410,26036124,480366487.80,4.67,-3.76,-0.72,0.00,600629,19.17,不复权,正常交易,,,
2025-12-17,600629,18.450,18.550,18.600,18.210,19668039,364842123.45,2.14,0.54,0.10,0.00,600629,18.45,不复权,正常交易,,,
2025-12-18,600629,18.500,18.270,18.700,18.260,19937720,364262144.40,2.41,-1.51,-0.28,0.00,600629,18.55,不复权,正常交易,,,
2025-12-19,600629,18.360,18.550,18.570,18.250,19914240,369409152.00,1.75,1.53,0.28,0.00,600629,18.27,不复权,正常交易,,,
2025-12-22,600629,18.550,18.550,18.730,18.460,16983277,315039788.35,1.46,0.00,0.00,0.00,600629,18.55,不复权,正常交易,,,
2025-12-23,600629,18.540,18.380,18.750,18.310,19707835,362230007.30,2.40,-0.92,-0.17,0.00,600629,18.55,不复权,正常交易,,,
2025-12-24,600629,18.390,18.680,18.880,18.280,25223256,471170422.08,3.28,1.63,0.30,0.00,600629,18.38,不复权,正常交易,,,
2025-12-25,600629,18.670,18.890,19.110,18.570,23946665,452352501.85,2.91,1.12,0.21,0.00,600629,18.68,不复权,正常交易,,,
2025-12-26,600629,18.870,19.240,19.890,18.820,54365542,1045993028.08,5.69,1.85,0.35,0.00,600629,18.89,不复权,正常交易,,,
2025-12-29,600629,19.250,20.300,20.970,19.250,75437736,1531386040.80,8.94,5.51,1.06,0.00,600629,19.24,不复权,正常交易,,,
2025-12-30,600629,20.200,19.730,20.200,19.150,54204319,1069451213.87,5.48,-2.81,-0.57,0.00,600629,20.30,不复权,正常交易,,,
2025-12-31,600629,19.800,21.700,21.700,19.660,76981140,1670490738.00,10.38,9.98,1.97,0.00,600629,19.73,不复权,正常交易,,,
2026-01-05,600629,21.670,21.830,22.040,21.340,82940720,1810595917.60,3.28,0.60,0.13,0.00,600629,21.70,不复权,正常交易,,,
2026-01-06,600629,21.730,21.980,22.670,21.730,60469280,1329114774.40,4.33,0.69,0.15,0.00,600629,21.83,不复权,正常交易,,,
2026-01-07,600629,22.100,22.730,23.280,21.890,79487991,1806762035.43,6.35,3.41,0.75,0.00,600629,21.98,不复权,正常交易,,,
2026-01-08,600629,22.480,25.000,25.000,22.300,105284953,2632123825.00,12.11,9.99,2.27,0.00,600629,22.73,不复权,正常交易,,,
2026-01-09,600629,25.410,24.600,25.680,24.020,96024855,2362211433.00,6.91,-1.60,-0.40,0.00,600629,25.00,不复权,正常交易,,,
2026-01-12,600629,24.820,23.480,24.820,23.040,94955502,2229555186.96,7.73,-4.55,-1.12,0.00,600629,24.60,不复权,正常交易,,,
2026-01-13,600629,23.550,22.530,23.710,22.500,57985886,1306422011.58,5.38,-4.05,-0.95,0.00,600629,23.48,不复权,正常交易,,,
2026-01-14,600629,22.530,23.100,23.990,22.530,63094553,1457484174.30,6.48,2.53,0.57,0.00,600629,22.53,不复权,正常交易,,,
2026-01-15,600629,23.080,23.380,23.880,22.290,49675402,1161410898.76,7.13,1.21,0.28,0.00,600629,23.10,不复权,正常交易,,,
2026-01-16,600629,23.280,22.900,23.460,22.610,32602372,746594318.80,3.76,-2.05,-0.48,0.00,600629,23.38,不复权,正常交易,,,
2026-01-19,600629,23.000,22.860,23.110,22.480,26274698,600639596.28,2.80,-0.17,-0.04,0.00,600629,22.90,不复权,正常交易,,,
2026-01-20,600629,22.400,22.790,23.370,22.240,34528819,786911785.01,5.08,-0.31,-0.07,0.00,600629,22.86,不复权,正常交易,,,
2026-01-21,600629,22.500,22.620,22.980,22.230,27840977,629762899.74,3.37,-0.75,-0.17,0.00,600629,22.79,不复权,正常交易,,,
2026-01-22,600629,22.600,21.540,22.600,21.320,45007360,969458534.40,6.00,-4.77,-1.08,0.00,600629,22.62,不复权,正常交易,,,
2026-01-23,600629,21.510,21.630,21.670,21.060,39722095,859188914.85,2.90,0.42,0.09,0.00,600629,21.54,不复权,正常交易,,,
2026-01-26,600629,21.500,20.780,21.510,20.750,34341600,713618448.00,3.66,-3.93,-0.85,0.00,600629,21.63,不复权,正常交易,,,
2026-01-27,600629,20.780,20.550,20.940,20.100,27263315,560261123.25,4.18,-1.11,-0.23,0.00,600629,20.78,不复权,正常交易,,,
2026-01-28,600629,20.210,19.960,20.580,19.880,24295017,484928539.32,3.52,-2.87,-0.59,0.00,600629,20.55,不复权,正常交易,,,
2026-01-29,600629,19.970,20.120,20.660,19.780,29961143,602818197.16,4.45,0.80,0.16,0.00,600629,19.96,不复权,正常交易,,,
2026-01-30,600629,20.000,20.140,20.460,19.850,20896300,420851482.00,3.07,0.10,0.02,0.00,600629,20.12,不复权,正常交易,,,
2026-02-02,600629,20.170,19.220,20.270,19.220,24755401,475798807.22,5.46,-4.57,-0.92,0.00,600629,20.14,不复权,正常交易,,,
2026-02-03,600629,19.400,19.670,19.730,19.340,18081728,355667589.76,2.02,2.34,0.45,0.00,600629,19.22,不复权,正常交易,,,
2026-02-04,600629,19.550,19.860,20.030,19.450,17302100,343619706.00,2.98,0.97,0.19,0.00,600629,19.67,不复权,正常交易,,,
2026-02-05,600629,19.620,19.400,20.300,19.350,20414313,396037672.20,4.91,-2.32,-0.46,0.00,600629,19.86,不复权,正常交易,,,
2026-02-06,600629,19.310,19.150,19.380,19.040,15671000,300099650.00,1.79,-1.29,-0.25,0.00,600629,19.40,不复权,正常交易,,,
2026-02-09,600629,19.450,19.320,19.600,19.240,15258639,294796905.48,1.87,0.89,0.17,0.00,600629,19.15,不复权,正常交易,,,
2026-02-10,600629,19.340,19.460,19.570,19.200,13743800,267454348.00,1.93,0.72,0.14,0.00,600629,19.32,不复权,正常交易,,,
2026-02-11,600629,19.400,19.280,19.460,19.240,10855600,209295968.00,1.14,-0.92,-0.18,0.00,600629,19.46,不复权,正常交易,,,
2026-02-12,600629,19.280,19.260,19.460,19.230,10508003,202384137.78,1.20,-0.10,-0.02,0.00,600629,19.28,不复权,正常交易,,,
2026-02-13,600629,19.260,21.190,21.190,19.250,38621147,818382104.93,10.08,10.02,1.93,0.00,600629,19.26,不复权,正常交易,,,
2026-02-24,600629,22.170,21.360,22.170,21.050,55692560,1189593081.60,5.32,0.80,0.17,0.00,600629,21.19,不复权,正常交易,,,
2026-02-25,600629,21.360,20.870,21.650,20.740,28370222,592086533.14,4.39,-2.29,-0.49,0.00,600629,21.36,不复权,正常交易,,,
2026-02-26,600629,20.770,20.680,21.090,20.420,26338982,544690147.76,3.28,-0.91,-0.19,0.00,600629,20.87,不复权,正常交易,,,
2026-02-27,600629,20.750,20.760,20.860,20.330,19672822,408407784.72,2.61,0.39,0.08,0.00,600629,20.68,不复权,正常交易,,,
2026-03-02,600629,20.180,20.470,20.930,20.170,22476320,460090270.40,3.77,-1.40,-0.29,0.00,600629,20.76,不复权,正常交易,,,
2026-03-03,600629,20.360,20.570,21.440,20.360,33963192,698622859.44,5.30,0.49,0.10,0.00,600629,20.47,不复权,正常交易,,,
2026-03-04,600629,20.590,21.260,21.670,20.360,44184827,939369422.02,6.43,3.35,0.69,0.00,600629,20.57,不复权,正常交易,,,
2026-03-05,600629,21.060,21.160,21.750,21.000,35140259,743567880.44,3.57,-0.47,-0.10,0.00,600629,21.26,不复权,正常交易,,,
2026-03-06,600629,21.000,22.420,22.780,20.970,57676030,1293096592.60,8.63,5.95,1.26,0.00,600629,21.16,不复权,正常交易,,,
2026-03-09,600629,21.930,21.490,22.150,20.660,42674829,917082075.21,7.21,-4.15,-0.93,0.00,600629,22.42,不复权,正常交易,,,
2026-03-10,600629,21.550,22.130,22.300,21.450,29849680,660573418.40,3.96,2.98,0.64,0.00,600629,21.49,不复权,正常交易,,,
2026-03-11,600629,22.140,23.040,23.400,22.000,45411987,1046292180.48,6.36,4.11,0.91,0.00,600629,22.13,不复权,正常交易,,,
2026-03-12,600629,22.840,22.320,22.980,21.820,36512681,814963039.92,5.32,-3.12,-0.72,0.00,600629,23.04,不复权,正常交易,,,
2026-03-13,600629,22.260,21.740,22.980,21.710,32618429,709124646.46,5.85,-2.60,-0.58,0.00,600629,22.32,不复权,正常交易,,,
2026-03-16,600629,21.660,22.350,22.500,20.810,31878538,712485324.30,8.12,2.81,0.61,0.00,600629,21.74,不复权,正常交易,,,
2026-03-17,600629,22.130,21.440,22.250,21.440,20131967,431629372.48,3.78,-4.07,-0.91,0.00,600629,22.35,不复权,正常交易,,,
2026-03-18,600629,21.470,21.200,21.680,20.960,15194183,322116679.60,3.44,-1.12,-0.24,0.00,600629,21.44,不复权,正常交易,,,
2026-03-19,600629,20.820,20.660,21.200,20.530,19077230,394135571.80,3.26,-2.55,-0.54,0.00,600629,21.20,不复权,正常交易,,,
2026-03-20,600629,20.660,21.110,21.190,20.640,19536384,412413066.24,2.66,2.18,0.45,0.00,600629,20.66,不复权,正常交易,,,
2026-03-23,600629,20.500,19.290,20.510,19.010,27358348,527742532.92,7.89,-8.62,-1.82,0.00,600629,21.11,不复权,正常交易,,,
2026-03-24,600629,19.750,19.880,19.930,19.280,17836691,354593417.08,3.37,3.06,0.59,0.00,600629,19.29,不复权,正常交易,,,
2026-03-25,600629,19.890,20.260,20.360,19.820,17044358,345318693.08,2.72,1.91,0.38,0.00,600629,19.88,不复权,正常交易,,,
2026-03-26,600629,20.080,19.940,20.580,19.860,15174664,302582800.16,3.63,-1.58,-0.32,0.00,600629,20.26,不复权,正常交易,,,
2026-03-27,600629,19.540,20.580,20.740,19.340,19964097,410861116.26,7.24,3.21,0.64,0.00,600629,19.94,不复权,正常交易,,,
2026-03-30,600629,20.170,20.370,20.730,19.680,18568500,378240345.00,5.34,-1.02,-0.21,0.00,600629,20.58,不复权,正常交易,,,
2026-03-31,600629,20.390,20.150,20.830,20.150,15219364,306670184.60,3.37,-1.08,-0.22,0.00,600629,20.37,不复权,正常交易,,,
2026-04-01,600629,20.580,20.530,20.750,20.250,15317100,314460063.00,2.47,1.89,0.38,0.00,600629,20.15,不复权,正常交易,,,
2026-04-02,600629,20.430,20.230,20.640,19.960,13652464,276189346.72,3.41,-1.46,-0.30,0.00,600629,20.53,不复权,正常交易,,,
2026-04-03,600629,20.250,19.820,20.500,19.800,13243507,262486308.74,3.54,-2.03,-0.41,0.00,600629,20.23,不复权,正常交易,,,
2026-04-07,600629,19.810,19.380,20.000,19.210,14067113,272620649.94,4.11,-2.22,-0.44,0.00,600629,19.82,不复权,正常交易,,,
2026-04-08,600629,19.750,20.160,20.240,19.570,16478145,332199403.20,3.42,4.02,0.78,0.00,600629,19.38,不复权,正常交易,,,
2026-04-09,600629,20.700,22.180,22.180,20.510,30205456,669957014.08,8.14,10.02,2.02,0.00,600629,20.16,不复权,正常交易,,,
2026-04-10,600629,21.950,22.200,22.480,21.630,48461774,1075851382.80,3.93,0.09,0.02,0.00,600629,22.18,不复权,正常交易,,,
2026-04-13,600629,21.950,21.400,22.120,21.290,26884140,575320596.00,3.90,-3.60,-0.80,0.00,600629,22.20,不复权,正常交易,,,
2026-04-14,600629,21.410,21.300,21.680,20.890,25066503,533916513.90,3.78,-0.47,-0.10,0.00,600629,21.40,不复权,正常交易,,,
2026-04-15,600629,21.320,20.900,21.320,20.840,17369025,363012622.50,2.30,-1.88,-0.40,0.00,600629,21.30,不复权,正常交易,,,
2026-04-16,600629,20.760,21.080,21.080,20.500,18939194,399238209.52,2.83,0.86,0.18,0.00,600629,20.90,不复权,正常交易,,,
2026-04-17,600629,21.080,21.330,21.610,21.030,22201573,473559552.09,2.76,1.19,0.25,0.00,600629,21.08,不复权,正常交易,,,
2026-04-20,600629,21.200,21.070,21.480,20.800,20326554,428280492.78,3.27,-1.22,-0.26,0.00,600629,21.33,不复权,正常交易,,,
2026-04-21,600629,20.910,21.410,21.820,20.880,27116532,580564950.12,4.50,1.61,0.34,0.00,600629,21.07,不复权,正常交易,,,
2026-04-22,600629,21.190,20.860,21.500,20.700,23404567,488219267.62,3.86,-2.57,-0.55,0.00,600629,21.41,不复权,正常交易,,,
2026-04-23,600629,20.750,20.460,20.900,20.320,19122321,391242687.66,2.85,-1.92,-0.40,0.00,600629,20.86,不复权,正常交易,,,
2026-04-24,600629,20.310,19.960,20.440,19.940,17294964,345207481.44,2.51,-2.44,-0.50,0.00,600629,20.46,不复权,正常交易,,,
2026-04-27,600629,19.970,20.360,20.740,19.670,18048871,367475013.56,5.44,-0.39,-0.08,0.00,600629,20.44,不复权，正常交易,,,
2026-04-28,600629,20.28,20.1,20.73,20.07,14897341.0,0.0,3.18,-3.09,-0.64,148973.41,,20.74,不复权，正常交易,,,
2026-04-29,600629,20.07,20.02,20.26,19.97,14545466.0,0.0,1.44,-0.40,-0.08,145454.66,,20.10,不复权，正常交易,,,
2026-04-30,600629,20.0,20.4,20.59,19.88,26627563.0,0.0,3.55,1.90,0.38,266275.63,,20.02,不复权，正常交易,,,
2026-05-06,600629,20.3,21.31,21.77,20.25,36789255,NaN,7.38,3.50,0.72,367892.55,,20.59,不复权，正常交易,,,
2026-05-07,600629,21.5,22.01,22.64,21.49,37768124,NaN,5.40,3.28,0.70,377681.24,,21.31,不复权，正常交易,,,
2026-05-08,600629,22.02,21.66,22.13,21.64,22274459,NaN,2.23,-1.59,-0.35,222744.59,,22.01,不复权，正常交易,,,
2026-05-11,600629,21.66,20.97,21.75,20.89,27481152,NaN,3.89,-5.24,-1.16,274811.52,,22.13,不复权，正常交易,,,
2026-05-12,600629,20.97,20.42,21.08,20.32,21419043,NaN,3.49,-6.11,-1.33,214190.43,,21.75,不复权，正常交易,,,
2026-05-13,600629,20.5,20.32,20.75,20.18,24188421,NaN,2.70,-3.61,-0.76,241884.21,,21.08,不复权，正常交易,,,
2026-05-14,600629,20.42,19.81,20.71,19.8,27617754,NaN,4.39,-4.53,-0.94,276177.54,,20.75,不复权，正常交易,,,
2026-05-15,600629,19.83,20.1,20.77,19.68,29568041,NaN,5.26,-2.95,-0.61,295680.41,,20.71,不复权，正常交易,,,
2026-05-18,600629,19.8,19.71,20.12,19.55,21631461,nan,2.74,-5.10,-1.06,nan,nan,20.77,不复权，正常交易,,,
2026-05-19,600629,19.6,20.25,20.25,19.6,18197858,nan,3.30,2.74,0.54,nan,nan,19.71,不复权，正常交易,,,
2026-05-20,600629,20.11,20.51,20.88,19.81,30806493,nan,5.28,1.28,0.26,nan,nan,20.25,不复权，正常交易,,,
2026-05-21,600629,20.31,19.59,20.31,19.59,22841965,nan,3.51,-4.49,-0.92,nan,nan,20.51,不复权，正常交易,,,
2026-05-22,600629,19.75,19.81,20.02,19.63,12716304,nan,1.99,1.12,0.22,nan,nan,19.59,不复权，正常交易,,,
2026-05-25,600629,19.6,19.25,19.68,19.02,18540890.0,nan,3.30,-3.85,-0.77,185408.90,,20.02,不复权，正常交易,,,
2026-05-26,600629,19.05,18.57,19.09,18.02,23219651.0,nan,5.44,-5.64,-1.11,232196.51,,19.68,不复权，正常交易,,,
2026-05-27,600629,18.4,17.79,18.56,17.66,20197486.0,nan,4.71,-6.81,-1.30,201974.86,,19.09,不复权，正常交易,,,
2026-05-28,600629,17.61,17.65,18.02,17.3,14916836.0,nan,3.88,-4.90,-0.91,149168.36,,18.56,不复权，正常交易,,,
2026-05-29,600629,18.09,17.65,18.87,17.53,22729150.0,nan,7.44,-2.05,-0.37,227291.50,,18.02,不复权，正常交易,,,
2026-06-01,600629,17.52,17.17,17.87,17.05,16329238.0,nan,4.35,-9.01,-1.70,163292.38,,18.87,不复权，正常交易,,,
2026-06-02,600629,17.16,16.71,17.17,16.37,20703667.0,nan,4.48,-6.49,-1.16,207036.67,,17.87,不复权，正常交易,,,
2026-06-03,600629,16.6,16.03,16.9,15.92,25219086.0,nan,5.71,-6.64,-1.14,252190.86,,17.17,不复权，正常交易,,,
2026-06-04,600629,15.97,16.09,16.85,15.74,21989805.0,nan,6.57,-4.79,-0.81,219898.05,,16.90,不复权，正常交易,,,
2026-06-05,600629,15.99,16.06,16.53,15.77,18530073.0,nan,4.51,-4.69,-0.79,185300.73,,16.85,不复权，正常交易,,,
2026-06-08,600629,15.75,15.84,16.28,15.47,14936547.0,nan,4.90,-4.17,-0.69,149365.47,,16.53,不复权，正常交易,,,
2026-06-09,600629,16.09,16.03,16.1,15.67,12618246.0,nan,2.64,-1.54,-0.25,126182.46,,16.28,不复权，正常交易,,,
2026-06-10,600629,15.8,16.04,16.15,15.8,11738610.0,nan,2.17,-0.37,-0.06,117386.10,,16.10,不复权，正常交易,,,
2026-06-11,600629,16.25,15.9,16.25,15.77,12927456.0,nan,2.97,-1.55,-0.25,129274.56,,16.15,不复权，正常交易,,,
2026-06-12,600629,15.85,15.91,16.49,15.68,20493752.0,nan,4.98,-2.09,-0.34,204937.52,,16.25,不复权，正常交易,,,
2026-06-15,600629,15.89,16.47,16.49,15.81,24989627.0,nan,4.12,-0.12,-0.02,249896.27,,16.49,不复权，正常交易,,,
2026-06-16,600629,16.5,17.29,17.98,16.5,42741810.0,nan,8.98,4.85,0.80,427418.10,,16.49,不复权，正常交易,,,
2026-06-17,600629,17.22,16.92,18.13,16.86,33311838.0,nan,7.06,-5.90,-1.06,333118.38,,17.98,不复权，正常交易,,,
2026-06-18,600629,16.9,16.08,16.99,16.0,21673449.0,nan,5.46,-11.31,-2.05,216734.49,,18.13,不复权，正常交易,,,
2026-06-22,600629,15.9,16.31,16.32,15.53,18391833.0,nan,4.65,-4.00,-0.68,183918.33,,16.99,不复权，正常交易,,,
2026-06-23,600629,16.17,16.19,16.84,16.14,15288209.0,nan,4.29,-0.80,-0.13,152882.09,,16.32,不复权，正常交易,,,
2026-06-24,600629,13.6,13.18,13.6,13.0,14538176.0,nan,3.56,-21.73,-3.66,145381.76,,16.84,不复权，正常交易,,,
2026-06-25,600629,13.0,12.54,13.28,12.28,29441078.0,nan,7.35,-7.79,-1.06,294410.78,,13.60,不复权，正常交易,,,
2026-06-26,600629,12.43,12.11,12.8,12.11,21186424.0,nan,5.20,-8.81,-1.17,211864.24,,13.28,不复权，正常交易,,,
2026-06-29,600629,11.74,11.92,12.27,11.64,20615647.0,nan,4.92,-6.88,-0.88,206156.47,,12.80,不复权，正常交易,,,
2026-06-30,600629,11.93,12.11,12.15,11.7,13912510.0,nan,3.67,-1.30,-0.16,139125.10,,12.27,不复权，正常交易,,,
2026-07-01,600629,12.11,11.99,12.12,11.61,20656255.0,nan,4.20,-1.32,-0.16,206562.55,,12.15,不复权，正常交易,,,
2026-07-02,600629,11.89,12.14,12.56,11.88,25188069.0,nan,5.61,0.17,0.02,251880.69,,12.12,不复权，正常交易,,,
2026-07-03,600629,12.15,12.36,12.43,12.01,16250560.0,nan,3.46,1.81,0.22,162505.60,,12.14,不复权，正常交易,,,
2026-07-06,600629,12.23,11.82,12.34,11.82,16180686.0,nan,4.18,-4.91,-0.61,161806.86,,12.43,不复权，正常交易,,,
2026-07-07,600629,11.76,11.49,11.85,11.4,14765104.0,nan,3.65,-6.89,-0.85,147651.04,,12.34,不复权，正常交易,,,
2026-07-08,600629,11.46,11.66,12.06,11.41,17711280.0,nan,5.49,-1.60,-0.19,177112.80,,11.85,不复权，正常交易,,,
2026-07-09,600629,11.67,11.59,11.8,11.4,14450656.0,nan,3.32,-3.90,-0.47,144506.56,,12.06,不复权，正常交易,,,
2026-07-10,600629,11.63,12.75,12.75,11.47,27519146.0,nan,10.85,8.05,0.95,275191.46,,11.80,不复权，正常交易,,,
