日期,股票代码,开盘,收盘,最高,最低,成交量,成交额,振幅,涨跌幅,涨跌额,换手率,股票名称,前收盘,复权状态,交易状态,动态市盈率,动态市现率,动态市净率
2022-03-11,002296,7.450,7.560,7.570,7.300,6421400,48545784.00,3.70,0.40,0.03,0.00,002296,7.53,不复权,正常交易,,,
2022-03-14,002296,7.510,7.340,7.630,7.340,5762100,42293814.00,3.95,-2.91,-0.22,0.00,002296,7.56,不复权,正常交易,,,
2022-03-15,002296,7.310,7.000,7.440,7.000,8210100,57470700.00,6.29,-4.63,-0.34,0.00,002296,7.34,不复权,正常交易,,,
2022-03-16,002296,7.150,7.280,7.330,7.040,7786740,56687467.20,4.12,4.00,0.28,0.00,002296,7.00,不复权,正常交易,,,
2022-03-17,002296,7.400,7.200,7.430,7.110,11646015,83851308.00,4.50,-1.10,-0.08,0.00,002296,7.28,不复权,正常交易,,,
2022-03-18,002296,7.160,7.230,7.260,7.120,5133100,37112313.00,1.97,0.42,0.03,0.00,002296,7.20,不复权,正常交易,,,
2022-03-21,002296,7.240,7.160,7.260,7.050,6709620,48040879.20,2.98,-0.97,-0.07,0.00,002296,7.23,不复权,正常交易,,,
2022-03-22,002296,7.170,7.880,7.880,7.140,22713419,178981741.72,10.36,10.06,0.72,0.00,002296,7.16,不复权,正常交易,,,
2022-03-23,002296,7.970,7.900,8.280,7.870,51429226,406290885.40,5.21,0.25,0.02,0.00,002296,7.88,不复权,正常交易,,,
2022-03-24,002296,7.780,7.690,8.080,7.630,30050215,231086153.35,5.90,-2.66,-0.21,0.00,002296,7.90,不复权,正常交易,,,
2022-03-25,002296,7.820,7.680,7.850,7.660,15569132,119570933.76,2.48,-0.13,-0.01,0.00,002296,7.69,不复权,正常交易,,,
2022-03-28,002296,7.610,7.570,7.720,7.550,12514701,94736286.57,2.25,-1.43,-0.11,0.00,002296,7.68,不复权,正常交易,,,
2022-03-29,002296,7.650,7.320,7.680,7.290,15971451,116911021.32,5.35,-3.30,-0.25,0.00,002296,7.57,不复权,正常交易,,,
2022-03-30,002296,7.390,7.340,7.400,7.260,9436941,69267146.94,1.93,0.27,0.02,0.00,002296,7.32,不复权,正常交易,,,
2022-03-31,002296,7.330,7.430,7.470,7.290,8795841,65353098.63,2.47,1.23,0.09,0.00,002296,7.34,不复权,正常交易,,,
2022-04-01,002296,7.380,7.250,7.410,7.250,9138300,66252675.00,2.21,-2.42,-0.18,0.00,002296,7.43,不复权,正常交易,,,
2022-04-06,002296,7.240,7.420,7.420,7.210,7422800,55077176.00,2.91,2.34,0.17,0.00,002296,7.25,不复权,正常交易,,,
2022-04-07,002296,7.540,7.230,7.560,7.230,8109900,58634577.00,4.56,-2.56,-0.19,0.00,002296,7.42,不复权,正常交易,,,
2022-04-08,002296,7.230,7.170,7.300,7.070,8430070,60443601.90,3.25,-0.83,-0.06,0.00,002296,7.23,不复权,正常交易,,,
2022-04-11,002296,7.070,7.060,7.250,6.950,7434030,52484251.80,4.32,-1.53,-0.11,0.00,002296,7.17,不复权,正常交易,,,
2022-04-12,002296,7.080,7.250,7.250,7.050,4989501,36173882.25,2.84,2.69,0.19,0.00,002296,7.06,不复权,正常交易,,,
2022-04-13,002296,7.230,7.150,7.250,7.130,4216700,30149405.00,1.68,-1.38,-0.10,0.00,002296,7.25,不复权,正常交易,,,
2022-04-14,002296,7.200,7.140,7.250,7.120,4912301,35073829.14,1.83,-0.14,-0.01,0.00,002296,7.15,不复权,正常交易,,,
2022-04-15,002296,7.000,6.460,7.010,6.440,17090690,110405857.40,8.85,-9.52,-0.68,0.00,002296,7.14,不复权,正常交易,,,
2022-04-18,002296,6.460,6.530,6.550,6.090,8245755,53844780.15,7.55,1.08,0.07,0.00,002296,6.46,不复权,正常交易,,,
2022-04-19,002296,6.490,6.480,6.540,6.390,4289700,27797256.00,2.35,-0.77,-0.05,0.00,002296,6.53,不复权,正常交易,,,
2022-04-20,002296,6.460,6.460,6.570,6.410,3448019,22274202.74,2.50,-0.31,-0.02,0.00,002296,6.48,不复权,正常交易,,,
2022-04-21,002296,6.450,6.180,6.460,6.170,5643643,34877713.74,4.70,-4.33,-0.28,0.00,002296,6.46,不复权,正常交易,,,
2022-04-22,002296,6.170,6.230,6.260,6.130,3251200,20254976.00,2.12,0.81,0.05,0.00,002296,6.18,不复权,正常交易,,,
2022-04-25,002296,6.170,5.680,6.170,5.680,8038061,45656186.48,8.63,-8.83,-0.55,0.00,002296,6.23,不复权,正常交易,,,
2022-04-26,002296,5.700,5.560,5.770,5.540,5286800,29394608.00,4.15,-2.11,-0.12,0.00,002296,5.68,不复权,正常交易,,,
2022-04-27,002296,5.460,5.700,5.730,5.380,3853449,21964659.30,6.51,2.52,0.14,0.00,002296,5.56,不复权,正常交易,,,
2022-04-28,002296,5.700,5.690,5.830,5.600,3088849,17575550.81,4.11,-0.18,-0.01,0.00,002296,5.70,不复权,正常交易,,,
2022-04-29,002296,5.740,5.820,5.850,5.720,5123900,29821098.00,2.27,2.28,0.13,0.00,002296,5.69,不复权,正常交易,,,
2022-05-05,002296,5.800,5.850,5.890,5.710,4166300,24372855.00,3.15,0.52,0.03,0.00,002296,5.82,不复权,正常交易,,,
2022-05-06,002296,5.750,5.710,5.760,5.620,3434500,19610995.00,2.49,-2.39,-0.14,0.00,002296,5.85,不复权,正常交易,,,
2022-05-09,002296,5.730,5.840,5.920,5.710,2763600,16139424.00,3.68,2.28,0.13,0.00,002296,5.71,不复权,正常交易,,,
2022-05-10,002296,5.810,5.980,6.030,5.780,3692715,22082435.70,4.33,2.40,0.14,0.00,002296,5.84,不复权,正常交易,,,
2022-05-11,002296,6.020,5.930,6.060,5.920,3722215,22072734.95,2.36,-0.84,-0.05,0.00,002296,5.98,不复权,正常交易,,,
2022-05-12,002296,5.950,6.030,6.030,5.930,3066300,18489789.00,1.69,1.69,0.10,0.00,002296,5.93,不复权,正常交易,,,
2022-05-13,002296,6.070,6.060,6.090,5.980,2831686,17160017.16,1.84,0.50,0.03,0.00,002296,6.03,不复权,正常交易,,,
2022-05-16,002296,6.090,6.070,6.130,6.000,3137400,19044018.00,2.17,0.17,0.01,0.00,002296,6.06,不复权,正常交易,,,
2022-05-17,002296,6.080,6.060,6.110,6.020,2300200,13939212.00,1.50,-0.16,-0.01,0.00,002296,6.07,不复权,正常交易,,,
2022-05-18,002296,6.120,6.090,6.120,6.020,2745100,16717659.00,1.66,0.50,0.03,0.00,002296,6.06,不复权,正常交易,,,
2022-05-19,002296,6.030,6.150,6.150,6.020,3534275,21735791.25,2.16,0.99,0.06,0.00,002296,6.09,不复权,正常交易,,,
2022-05-20,002296,6.170,6.150,6.190,6.120,2354500,14480175.00,1.14,0.00,0.00,0.00,002296,6.15,不复权,正常交易,,,
2022-05-23,002296,6.190,6.230,6.240,6.140,2186900,13624387.00,1.63,1.30,0.08,0.00,002296,6.15,不复权,正常交易,,,
2022-05-24,002296,6.250,6.010,6.250,6.010,3349400,20129894.00,3.99,-3.53,-0.22,0.00,002296,6.23,不复权,正常交易,,,
2022-05-25,002296,6.080,6.170,6.170,6.010,1748900,10790713.00,2.66,2.66,0.16,0.00,002296,6.01,不复权,正常交易,,,
2022-05-26,002296,6.180,6.200,6.210,6.070,2322600,14400120.00,2.31,0.49,0.03,0.00,002296,6.17,不复权,正常交易,,,
2022-05-27,002296,6.210,6.150,6.250,6.130,3636400,22363860.00,1.96,-0.81,-0.05,0.00,002296,6.20,不复权,正常交易,,,
2022-05-30,002296,6.150,6.220,6.230,6.130,2852900,17745038.00,1.63,1.14,0.07,0.00,002296,6.15,不复权,正常交易,,,
2022-05-31,002296,6.210,6.250,6.270,6.160,2147885,13424281.25,1.79,0.48,0.03,0.00,002296,6.22,不复权,正常交易,,,
2022-06-01,002296,6.250,6.880,6.880,6.230,11409593,78497999.84,10.43,10.08,0.63,0.00,002296,6.25,不复权,正常交易,,,
2022-06-02,002296,7.070,7.570,7.570,6.920,28749101,217630694.57,9.39,10.03,0.69,0.00,002296,6.88,不复权,正常交易,,,
2022-06-06,002296,7.400,7.190,7.550,7.010,36927353,265507668.07,7.70,-5.02,-0.38,0.00,002296,7.57,不复权,正常交易,,,
2022-06-07,002296,7.080,7.230,7.320,7.030,22738885,164402138.55,4.13,0.56,0.04,0.00,002296,7.19,不复权,正常交易,,,
2022-06-08,002296,7.160,7.000,7.170,6.810,18045448,126318136.00,5.29,-3.18,-0.23,0.00,002296,7.23,不复权,正常交易,,,
2022-06-09,002296,6.930,7.000,7.110,6.890,10778696,75450872.00,3.19,0.00,0.00,0.00,002296,7.00,不复权,正常交易,,,
2022-06-10,002296,7.050,7.000,7.270,7.000,12548246,87837722.00,3.86,0.00,0.00,0.00,002296,7.00,不复权,正常交易,,,
2022-06-13,002296,6.930,7.050,7.150,6.920,9314900,65670045.00,3.32,0.71,0.05,0.00,002296,7.00,不复权,正常交易,,,
2022-06-14,002296,6.890,6.840,6.990,6.670,9169613,62720152.92,4.80,-2.98,-0.21,0.00,002296,7.05,不复权,正常交易,,,
2022-06-15,002296,6.870,6.820,6.950,6.820,6562700,44757614.00,1.91,-0.29,-0.02,0.00,002296,6.84,不复权,正常交易,,,
2022-06-16,002296,6.820,6.910,6.990,6.810,5482310,37882762.10,2.64,1.32,0.09,0.00,002296,6.82,不复权,正常交易,,,
2022-06-17,002296,6.980,6.900,6.980,6.770,4492410,30997629.00,3.10,-0.14,-0.01,0.00,002296,6.91,不复权,正常交易,,,
2022-06-20,002296,6.900,6.820,6.940,6.790,5373000,36643860.00,2.21,-1.16,-0.08,0.00,002296,6.90,不复权,正常交易,,,
2022-06-21,002296,6.780,6.830,6.860,6.700,4701200,32109196.00,2.39,0.15,0.01,0.00,002296,6.82,不复权,正常交易,,,
2022-06-22,002296,6.830,6.650,6.860,6.650,4230453,28132512.45,3.16,-2.64,-0.18,0.00,002296,6.83,不复权,正常交易,,,
2022-06-23,002296,6.720,6.790,6.820,6.700,4052711,27517907.69,1.79,2.11,0.14,0.00,002296,6.65,不复权,正常交易,,,
2022-06-24,002296,6.850,6.780,6.890,6.750,4357917,29546677.26,2.07,-0.15,-0.01,0.00,002296,6.79,不复权,正常交易,,,
2022-06-27,002296,6.830,6.750,6.850,6.740,3666700,24750225.00,1.63,-0.44,-0.03,0.00,002296,6.78,不复权,正常交易,,,
2022-06-28,002296,6.770,6.870,6.880,6.710,4550800,31263996.00,2.53,1.78,0.12,0.00,002296,6.75,不复权,正常交易,,,
2022-06-29,002296,6.880,6.770,6.900,6.750,4853000,32854810.00,2.22,-1.46,-0.10,0.00,002296,6.87,不复权,正常交易,,,
2022-06-30,002296,6.850,6.860,6.910,6.810,3853532,26435229.52,1.47,1.33,0.09,0.00,002296,6.77,不复权,正常交易,,,
2022-07-01,002296,6.870,6.800,6.920,6.780,3523800,23961840.00,2.06,-0.87,-0.06,0.00,002296,6.86,不复权,正常交易,,,
2022-07-04,002296,6.750,6.710,6.790,6.660,3085331,20702571.01,1.95,-1.32,-0.09,0.00,002296,6.80,不复权,正常交易,,,
2022-07-05,002296,6.730,6.730,6.790,6.630,3358600,22603378.00,2.41,0.30,0.02,0.00,002296,6.71,不复权,正常交易,,,
2022-07-06,002296,6.680,6.630,6.710,6.570,3136100,20792343.00,2.13,-1.49,-0.10,0.00,002296,6.73,不复权,正常交易,,,
2022-07-07,002296,6.650,7.070,7.090,6.630,12754772,90176238.04,6.94,6.64,0.44,0.00,002296,6.63,不复权,正常交易,,,
2022-07-08,002296,7.110,7.270,7.670,7.110,28272283,205539497.41,7.88,2.83,0.20,0.00,002296,7.07,不复权,正常交易,,,
2022-07-11,002296,7.010,6.800,7.080,6.720,15749000,107093200.00,5.36,-6.46,-0.47,0.00,002296,7.27,不复权,正常交易,,,
2022-07-12,002296,6.810,6.660,6.940,6.660,6117257,40740931.62,4.20,-2.06,-0.14,0.00,002296,6.80,不复权,正常交易,,,
2022-07-13,002296,6.650,6.880,6.880,6.650,6563312,45155586.56,3.46,3.30,0.22,0.00,002296,6.66,不复权,正常交易,,,
2022-07-14,002296,6.900,6.790,6.920,6.720,4401200,29884148.00,2.98,-1.31,-0.09,0.00,002296,6.88,不复权,正常交易,,,
2022-07-15,002296,6.770,6.640,6.790,6.630,4709300,31269752.00,2.41,-2.21,-0.15,0.00,002296,6.79,不复权,正常交易,,,
2022-07-18,002296,6.630,7.300,7.300,6.620,19515397,142462398.10,10.27,9.94,0.66,0.00,002296,6.64,不复权,正常交易,,,
2022-07-19,002296,7.620,7.360,8.030,7.300,52038119,383000555.84,10.00,0.82,0.06,0.00,002296,7.30,不复权,正常交易,,,
2022-07-20,002296,7.250,7.330,7.370,7.070,31677611,232196888.63,4.24,-0.41,-0.03,0.00,002296,7.36,不复权,正常交易,,,
2022-07-21,002296,7.300,7.350,7.650,7.250,22116310,162554878.50,5.52,0.27,0.02,0.00,002296,7.33,不复权,正常交易,,,
2022-07-22,002296,7.380,7.450,7.690,7.270,19509700,145347265.00,5.78,1.36,0.10,0.00,002296,7.35,不复权,正常交易,,,
2022-07-25,002296,7.530,7.380,7.600,7.310,13515986,99747976.68,3.97,-0.94,-0.07,0.00,002296,7.45,不复权,正常交易,,,
2022-07-26,002296,7.370,7.510,7.510,7.230,12890344,96806483.44,3.87,1.76,0.13,0.00,002296,7.38,不复权,正常交易,,,
2022-07-27,002296,7.560,7.650,7.800,7.440,21577177,165065404.05,4.84,1.86,0.14,0.00,002296,7.51,不复权,正常交易,,,
2022-07-28,002296,7.780,7.740,7.930,7.620,18374980,142222345.20,4.07,1.18,0.09,0.00,002296,7.65,不复权,正常交易,,,
2022-07-29,002296,7.750,7.710,7.890,7.650,11729404,90433704.84,3.14,-0.39,-0.03,0.00,002296,7.74,不复权,正常交易,,,
2022-08-01,002296,7.730,7.740,7.890,7.700,10499576,81266718.24,2.47,0.39,0.03,0.00,002296,7.71,不复权,正常交易,,,
2022-08-02,002296,7.660,7.440,7.730,7.380,14277649,106225708.56,4.74,-3.88,-0.30,0.00,002296,7.74,不复权,正常交易,,,
2022-08-03,002296,7.560,7.400,7.690,7.360,9962646,73723580.40,4.48,-0.54,-0.04,0.00,002296,7.44,不复权,正常交易,,,
2022-08-04,002296,7.460,7.840,7.850,7.460,17874543,140136417.12,5.23,5.95,0.44,0.00,002296,7.40,不复权,正常交易,,,
2022-08-05,002296,7.840,7.790,7.880,7.630,12653987,98574558.73,3.28,-0.64,-0.05,0.00,002296,7.84,不复权,正常交易,,,
2022-08-08,002296,7.760,7.830,7.950,7.660,10791533,84497703.39,3.79,0.51,0.04,0.00,002296,7.79,不复权,正常交易,,,
2022-08-09,002296,7.840,7.730,7.900,7.660,8729700,67480581.00,3.13,-1.28,-0.10,0.00,002296,7.83,不复权,正常交易,,,
2022-08-10,002296,7.720,7.900,7.930,7.580,14875100,117513290.00,4.62,2.20,0.17,0.00,002296,7.73,不复权,正常交易,,,
2022-08-11,002296,7.960,7.850,7.960,7.760,10168300,79821155.00,2.58,-0.63,-0.05,0.00,002296,7.90,不复权,正常交易,,,
2022-08-12,002296,7.830,7.750,7.860,7.700,7896800,61200200.00,2.08,-1.27,-0.10,0.00,002296,7.85,不复权,正常交易,,,
2022-08-15,002296,7.770,7.810,7.810,7.640,6827900,53325899.00,2.23,0.77,0.06,0.00,002296,7.75,不复权,正常交易,,,
2022-08-16,002296,7.960,7.860,8.120,7.810,18542064,145740623.04,3.97,0.64,0.05,0.00,002296,7.81,不复权,正常交易,,,
2022-08-17,002296,7.890,8.190,8.590,7.780,27971296,229084914.24,10.41,4.20,0.33,0.00,002296,7.86,不复权,正常交易,,,
2022-08-18,002296,8.120,8.080,8.160,8.000,15559502,125720776.16,2.00,-1.34,-0.11,0.00,002296,8.19,不复权,正常交易,,,
2022-08-19,002296,8.100,7.830,8.190,7.820,12485200,97759116.00,4.73,-3.09,-0.25,0.00,002296,8.08,不复权,正常交易,,,
2022-08-22,002296,7.800,8.610,8.610,7.770,25672605,221041129.05,10.81,9.96,0.78,0.00,002296,7.83,不复权,正常交易,,,
2022-08-23,002296,8.800,9.470,9.470,8.710,54728355,518277521.85,8.73,9.99,0.86,0.00,002296,8.61,不复权,正常交易,,,
2022-08-24,002296,9.930,8.970,10.240,8.770,85235446,764561950.62,16.76,-5.28,-0.50,0.00,002296,9.47,不复权,正常交易,,,
2022-08-25,002296,9.000,9.260,9.400,8.870,62201075,575981954.50,5.98,3.23,0.29,0.00,002296,8.97,不复权,正常交易,,,
2022-08-26,002296,8.960,8.510,9.200,8.450,48597352,413563465.52,8.88,-8.10,-0.75,0.00,002296,9.26,不复权,正常交易,,,
2022-08-29,002296,8.300,8.230,8.390,8.140,27869489,229365894.47,3.07,-3.29,-0.28,0.00,002296,8.51,不复权,正常交易,,,
2022-08-30,002296,8.220,7.860,8.330,7.780,31074826,244248132.36,7.07,-4.50,-0.37,0.00,002296,8.23,不复权,正常交易,,,
2022-08-31,002296,7.820,7.340,7.900,7.300,26815346,196824639.64,8.22,-6.62,-0.52,0.00,002296,7.86,不复权,正常交易,,,
2022-09-01,002296,7.390,7.330,7.440,7.290,11864445,86966381.85,2.06,-0.14,-0.01,0.00,002296,7.34,不复权,正常交易,,,
2022-09-02,002296,7.470,7.650,7.660,7.440,18563290,142009168.50,2.96,4.37,0.32,0.00,002296,7.33,不复权,正常交易,,,
2022-09-05,002296,7.620,7.690,7.730,7.530,12627400,97104706.00,2.66,0.52,0.04,0.00,002296,7.65,不复权,正常交易,,,
2022-09-06,002296,7.680,7.770,7.780,7.540,11702800,90930756.00,3.18,1.04,0.08,0.00,002296,7.69,不复权,正常交易,,,
2022-09-07,002296,7.750,7.730,7.780,7.630,10927422,84468972.06,1.97,-0.51,-0.04,0.00,002296,7.77,不复权,正常交易,,,
2022-09-08,002296,7.770,7.570,7.780,7.550,9279130,70243014.10,3.05,-2.07,-0.16,0.00,002296,7.73,不复权,正常交易,,,
2022-09-09,002296,7.570,7.500,7.620,7.440,7533291,56499682.50,2.42,-0.92,-0.07,0.00,002296,7.57,不复权,正常交易,,,
2022-09-13,002296,7.530,7.570,7.610,7.440,8154800,61731836.00,2.28,0.93,0.07,0.00,002296,7.50,不复权,正常交易,,,
2022-09-14,002296,7.500,7.500,7.580,7.390,6951500,52136250.00,2.57,-0.92,-0.07,0.00,002296,7.57,不复权,正常交易,,,
2022-09-15,002296,7.520,7.200,7.560,7.120,11357100,81771120.00,6.18,-4.00,-0.30,0.00,002296,7.50,不复权,正常交易,,,
2022-09-16,002296,7.280,7.210,7.410,7.200,10641364,76724234.44,2.92,0.14,0.01,0.00,002296,7.20,不复权,正常交易,,,
2022-09-19,002296,7.150,7.150,7.230,7.050,6892300,49279945.00,2.55,-0.83,-0.06,0.00,002296,7.21,不复权,正常交易,,,
2022-09-20,002296,7.260,7.220,7.310,7.090,5818200,42007404.00,3.10,0.98,0.07,0.00,002296,7.15,不复权,正常交易,,,
2022-09-21,002296,7.220,7.300,7.300,7.060,5695500,41577150.00,3.40,1.11,0.08,0.00,002296,7.22,不复权,正常交易,,,
2022-09-22,002296,7.260,7.390,7.430,7.250,7412400,54777636.00,2.48,1.23,0.09,0.00,002296,7.30,不复权,正常交易,,,
2022-09-23,002296,7.700,7.180,7.700,7.130,19600800,140733744.00,7.99,-2.84,-0.21,0.00,002296,7.39,不复权,正常交易,,,
2022-09-26,002296,6.950,6.860,7.060,6.830,11973539,82138477.54,3.37,-4.46,-0.32,0.00,002296,7.18,不复权,正常交易,,,
2022-09-27,002296,6.850,7.040,7.100,6.850,7247978,51025765.12,3.65,2.62,0.18,0.00,002296,6.86,不复权,正常交易,,,
2022-09-28,002296,7.000,6.720,7.020,6.720,8795558,59106149.76,4.46,-4.55,-0.32,0.00,002296,7.04,不复权,正常交易,,,
2022-09-29,002296,6.820,6.650,6.880,6.620,5510200,36642830.00,3.93,-1.04,-0.07,0.00,002296,6.72,不复权,正常交易,,,
2022-09-30,002296,6.660,6.610,6.720,6.580,3818832,25242479.52,2.13,-0.60,-0.04,0.00,002296,6.65,不复权,正常交易,,,
2022-10-10,002296,6.650,6.490,6.690,6.460,4039400,26215706.00,3.56,-1.82,-0.12,0.00,002296,6.61,不复权,正常交易,,,
2022-10-11,002296,6.490,6.630,6.630,6.440,3743640,24820333.20,2.95,2.16,0.14,0.00,002296,6.49,不复权,正常交易,,,
2022-10-12,002296,6.640,6.860,6.860,6.570,5753160,39466677.60,4.41,3.47,0.23,0.00,002296,6.63,不复权,正常交易,,,
2022-10-13,002296,6.820,6.960,7.020,6.800,6574500,45758520.00,3.24,1.46,0.10,0.00,002296,6.86,不复权,正常交易,,,
2022-10-14,002296,6.930,7.060,7.130,6.930,6466000,45649960.00,2.89,1.44,0.10,0.00,002296,6.96,不复权,正常交易,,,
2022-10-17,002296,7.050,7.150,7.180,7.000,5658138,40455686.70,2.57,1.27,0.09,0.00,002296,7.06,不复权,正常交易,,,
2022-10-18,002296,7.190,7.170,7.220,7.090,5117875,36695163.75,1.83,0.28,0.02,0.00,002296,7.15,不复权,正常交易,,,
2022-10-19,002296,7.160,7.190,7.280,7.140,5749300,41337467.00,1.96,0.28,0.02,0.00,002296,7.17,不复权,正常交易,,,
2022-10-20,002296,7.160,7.250,7.430,7.070,8782101,63670232.25,5.09,0.83,0.06,0.00,002296,7.19,不复权,正常交易,,,
2022-10-21,002296,7.210,7.980,7.980,7.210,20815780,166109924.40,10.68,10.07,0.73,0.00,002296,7.25,不复权,正常交易,,,
2022-10-24,002296,8.200,8.780,8.780,8.010,68478665,601242678.70,9.61,10.03,0.80,0.00,002296,7.98,不复权,正常交易,,,
2022-10-25,002296,9.270,9.660,9.660,8.970,55451387,535660398.42,7.69,10.02,0.88,0.00,002296,8.78,不复权,正常交易,,,
2022-10-26,002296,10.630,10.630,10.630,10.630,8519378,90560988.14,0.00,10.04,0.97,0.00,002296,9.66,不复权,正常交易,,,
2022-10-27,002296,11.690,9.800,11.690,9.750,171513469,1680831996.20,19.90,-7.81,-0.83,0.00,002296,10.63,不复权,正常交易,,,
2022-10-28,002296,8.820,8.820,9.630,8.820,118776633,1047609903.06,9.18,-10.00,-0.98,0.00,002296,9.80,不复权,正常交易,,,
2022-10-31,002296,8.500,8.150,8.790,8.100,94929399,773674601.85,8.52,-7.60,-0.67,0.00,002296,8.82,不复权,正常交易,,,
2022-11-01,002296,8.220,8.340,8.340,8.080,69194438,577081612.92,3.22,2.33,0.19,0.00,002296,8.15,不复权,正常交易,,,
2022-11-02,002296,8.220,8.290,8.500,8.120,72159239,598200091.31,4.68,-0.60,-0.05,0.00,002296,8.34,不复权,正常交易,,,
2022-11-03,002296,8.180,8.160,8.440,8.050,58813957,479921889.12,4.84,-1.57,-0.13,0.00,002296,8.29,不复权,正常交易,,,
2022-11-04,002296,8.100,8.280,8.340,8.090,53542033,443328033.24,3.09,1.47,0.12,0.00,002296,8.16,不复权,正常交易,,,
2022-11-07,002296,8.310,8.770,8.780,8.310,79634188,698391828.76,5.66,5.92,0.49,0.00,002296,8.28,不复权,正常交易,,,
2022-11-08,002296,8.680,8.920,9.200,8.470,77793010,693913649.20,8.62,1.71,0.15,0.00,002296,8.77,不复权,正常交易,,,
2022-11-09,002296,9.100,8.910,9.350,8.770,67365762,600228939.42,6.61,-0.11,-0.01,0.00,002296,8.92,不复权,正常交易,,,
2022-11-10,002296,8.750,9.200,9.350,8.750,64936772,597418302.40,6.86,3.25,0.29,0.00,002296,8.91,不复权,正常交易,,,
2022-11-11,002296,9.300,8.880,9.340,8.800,62230375,552605730.00,6.14,-3.48,-0.32,0.00,002296,9.20,不复权,正常交易,,,
2022-11-14,002296,8.700,8.740,8.860,8.440,41617593,363737762.82,4.98,-1.58,-0.14,0.00,002296,8.88,不复权,正常交易,,,
2022-11-15,002296,8.600,8.590,8.700,8.500,34221717,293964549.03,2.35,-1.72,-0.15,0.00,002296,8.74,不复权,正常交易,,,
2022-11-16,002296,8.570,8.370,8.640,8.350,35796901,299620061.37,3.47,-2.56,-0.22,0.00,002296,8.59,不复权,正常交易,,,
2022-11-17,002296,8.370,8.480,8.510,8.350,24638967,208938440.16,1.92,1.31,0.11,0.00,002296,8.37,不复权,正常交易,,,
2022-11-18,002296,8.410,8.220,8.470,8.210,26728885,219711434.70,3.17,-3.07,-0.26,0.00,002296,8.48,不复权,正常交易,,,
2022-11-21,002296,8.230,8.370,8.390,8.230,17316126,144935974.62,1.94,1.82,0.15,0.00,002296,8.22,不复权,正常交易,,,
2022-11-22,002296,8.440,8.600,8.620,8.380,42347148,364185472.80,2.86,2.75,0.23,0.00,002296,8.37,不复权,正常交易,,,
2022-11-23,002296,8.500,8.090,8.500,8.010,31587951,255546523.59,6.12,-5.93,-0.51,0.00,002296,8.60,不复权,正常交易,,,
2022-11-24,002296,8.090,8.250,8.410,8.080,24654952,203403354.00,4.08,1.98,0.16,0.00,002296,8.09,不复权,正常交易,,,
2022-11-25,002296,8.130,8.120,8.230,8.120,14038785,113994934.20,1.35,-1.58,-0.13,0.00,002296,8.25,不复权,正常交易,,,
2022-11-28,002296,7.980,8.140,8.200,7.910,12824961,104395182.54,3.67,0.25,0.02,0.00,002296,8.12,不复权,正常交易,,,
2022-11-29,002296,8.120,8.180,8.180,8.040,15108461,123587210.98,1.74,0.49,0.04,0.00,002296,8.14,不复权,正常交易,,,
2022-11-30,002296,8.190,8.240,8.390,8.140,16796002,138399056.48,3.07,0.73,0.06,0.00,002296,8.18,不复权,正常交易,,,
2022-12-01,002296,8.210,8.330,8.390,8.200,20489900,170680867.00,2.32,1.09,0.09,0.00,002296,8.24,不复权,正常交易,,,
2022-12-02,002296,8.290,8.470,8.470,8.270,22727400,192501078.00,2.42,1.68,0.14,0.00,002296,8.33,不复权,正常交易,,,
2022-12-05,002296,8.600,8.510,8.650,8.390,20073528,170825723.28,3.10,0.47,0.04,0.00,002296,8.47,不复权,正常交易,,,
2022-12-06,002296,8.450,8.340,8.500,8.310,15061230,125610658.20,2.29,-2.00,-0.17,0.00,002296,8.51,不复权,正常交易,,,
2022-12-07,002296,8.300,8.380,8.410,8.220,12005971,100610036.98,2.31,0.48,0.04,0.00,002296,8.34,不复权,正常交易,,,
2022-12-08,002296,8.380,8.210,8.380,8.170,12830761,105340547.81,2.57,-2.03,-0.17,0.00,002296,8.38,不复权,正常交易,,,
2022-12-09,002296,8.290,8.140,8.290,8.100,9810600,79858284.00,2.35,-0.85,-0.07,0.00,002296,8.21,不复权,正常交易,,,
2022-12-12,002296,8.140,8.170,8.230,8.070,8854800,72343716.00,1.98,0.37,0.03,0.00,002296,8.14,不复权,正常交易,,,
2022-12-13,002296,8.160,8.040,8.230,8.030,9683500,77855340.00,2.49,-1.59,-0.13,0.00,002296,8.17,不复权,正常交易,,,
2022-12-14,002296,8.030,8.220,8.280,8.000,15562000,127919640.00,3.50,2.24,0.18,0.00,002296,8.04,不复权,正常交易,,,
2022-12-15,002296,8.220,8.400,8.440,8.130,23631461,198504272.40,3.81,2.19,0.18,0.00,002296,8.22,不复权,正常交易,,,
2022-12-16,002296,8.330,8.090,8.340,8.060,18095400,146391786.00,3.47,-3.69,-0.31,0.00,002296,8.40,不复权,正常交易,,,
2022-12-19,002296,8.100,7.830,8.120,7.780,15314907,119915721.81,4.37,-3.21,-0.26,0.00,002296,8.09,不复权,正常交易,,,
2022-12-20,002296,7.830,7.870,8.020,7.820,8617200,67817364.00,2.56,0.51,0.04,0.00,002296,7.83,不复权,正常交易,,,
2022-12-21,002296,7.870,7.680,7.900,7.640,11235761,86290644.48,3.40,-2.41,-0.19,0.00,002296,7.87,不复权,正常交易,,,
2022-12-22,002296,7.800,7.530,7.800,7.490,8964083,67499544.99,4.14,-1.95,-0.15,0.00,002296,7.68,不复权,正常交易,,,
2022-12-23,002296,7.470,7.670,7.750,7.470,8652623,66365618.41,3.75,1.86,0.14,0.00,002296,7.53,不复权,正常交易,,,
2022-12-26,002296,7.670,7.850,7.860,7.610,7422900,58269765.00,3.29,2.35,0.18,0.00,002296,7.67,不复权,正常交易,,,
2022-12-27,002296,7.880,7.780,7.880,7.710,6768600,52659708.00,2.20,-0.89,-0.07,0.00,002296,7.85,不复权,正常交易,,,
2022-12-28,002296,7.750,7.630,7.760,7.560,6480000,49442400.00,2.65,-1.93,-0.15,0.00,002296,7.78,不复权,正常交易,,,
2022-12-29,002296,7.600,7.660,7.800,7.570,8010200,61358132.00,3.04,0.39,0.03,0.00,002296,7.63,不复权,正常交易,,,
2022-12-30,002296,7.690,7.780,7.840,7.610,8290858,64502875.24,3.02,1.57,0.12,0.00,002296,7.66,不复权,正常交易,,,
2023-01-03,002296,7.710,8.260,8.330,7.710,24501602,202383232.52,8.04,6.17,0.48,0.00,002296,7.78,不复权,正常交易,,,
2023-01-04,002296,8.240,8.530,8.560,8.170,34328800,292824664.00,4.77,3.27,0.27,0.00,002296,8.26,不复权,正常交易,,,
2023-01-05,002296,8.460,8.530,8.560,8.380,20473000,174634690.00,2.15,0.00,0.00,0.00,002296,8.53,不复权,正常交易,,,
2023-01-06,002296,8.530,8.340,8.530,8.330,14416802,120236128.68,2.40,-2.23,-0.19,0.00,002296,8.53,不复权,正常交易,,,
2023-01-09,002296,8.390,8.350,8.450,8.320,11144800,93059080.00,1.56,0.12,0.01,0.00,002296,8.34,不复权,正常交易,,,
2023-01-10,002296,8.400,8.250,8.400,8.250,7991540,65930205.00,1.82,-1.20,-0.10,0.00,002296,8.35,不复权,正常交易,,,
2023-01-11,002296,8.260,8.150,8.330,8.130,9696470,79026230.50,2.46,-1.21,-0.10,0.00,002296,8.25,不复权,正常交易,,,
2023-01-12,002296,8.260,8.350,8.510,8.200,23130070,193136084.50,3.78,2.45,0.20,0.00,002296,8.15,不复权,正常交易,,,
2023-01-13,002296,8.300,8.290,8.350,8.180,11996706,99452692.74,2.08,-0.72,-0.06,0.00,002296,8.35,不复权,正常交易,,,
2023-01-16,002296,8.320,8.400,8.540,8.300,15618200,131192880.00,2.89,1.33,0.11,0.00,002296,8.29,不复权,正常交易,,,
2023-01-17,002296,8.460,8.650,9.240,8.370,45284835,391713822.75,10.39,2.98,0.25,0.00,002296,8.40,不复权,正常交易,,,
2023-01-18,002296,8.600,8.700,8.830,8.460,32732820,284775534.00,4.37,0.58,0.05,0.00,002296,8.65,不复权,正常交易,,,
2023-01-19,002296,8.600,8.600,8.730,8.570,19299003,165971425.80,1.87,-1.15,-0.10,0.00,002296,8.70,不复权,正常交易,,,
2023-01-20,002296,8.650,8.670,8.750,8.540,16956425,147012204.75,2.46,0.81,0.07,0.00,002296,8.60,不复权,正常交易,,,
2023-01-30,002296,8.810,8.990,9.220,8.710,39484255,354963452.45,5.86,3.69,0.32,0.00,002296,8.67,不复权,正常交易,,,
2023-01-31,002296,8.980,9.080,9.080,8.860,22436597,203724300.76,2.48,1.00,0.09,0.00,002296,8.99,不复权,正常交易,,,
2023-02-01,002296,9.010,9.120,9.140,8.930,23658248,215763221.76,2.35,0.44,0.04,0.00,002296,9.08,不复权,正常交易,,,
2023-02-02,002296,9.040,8.870,9.080,8.850,27926652,247709403.24,2.60,-2.74,-0.25,0.00,002296,9.12,不复权,正常交易,,,
2023-02-03,002296,8.840,8.940,8.940,8.810,15736300,140682522.00,1.48,0.79,0.07,0.00,002296,8.87,不复权,正常交易,,,
2023-02-06,002296,8.840,8.940,9.010,8.810,14540600,129992964.00,2.27,0.00,0.00,0.00,002296,8.94,不复权,正常交易,,,
2023-02-07,002296,8.950,9.070,9.090,8.800,23027926,208863288.82,3.30,1.45,0.13,0.00,002296,8.94,不复权,正常交易,,,
2023-02-08,002296,9.100,8.840,9.100,8.820,18517500,163694700.00,3.17,-2.54,-0.23,0.00,002296,9.07,不复权,正常交易,,,
2023-02-09,002296,8.800,9.260,9.700,8.750,41312510,382553842.60,10.86,4.75,0.42,0.00,002296,8.84,不复权,正常交易,,,
2023-02-10,002296,9.210,9.100,9.330,9.080,21673637,197230096.70,2.75,-1.73,-0.16,0.00,002296,9.26,不复权,正常交易,,,
2023-02-13,002296,9.050,9.120,9.130,9.010,13576702,123819522.24,1.33,0.22,0.02,0.00,002296,9.10,不复权,正常交易,,,
2023-02-14,002296,9.140,8.970,9.150,8.940,14554789,130556457.33,2.35,-1.64,-0.15,0.00,002296,9.12,不复权,正常交易,,,
2023-02-15,002296,9.000,9.010,9.070,8.950,13565500,122225155.00,1.34,0.45,0.04,0.00,002296,8.97,不复权,正常交易,,,
2023-02-16,002296,9.030,8.720,9.150,8.610,25202849,219768843.28,6.27,-3.22,-0.29,0.00,002296,9.01,不复权,正常交易,,,
2023-02-17,002296,8.710,8.630,8.840,8.550,15631199,134897247.37,3.39,-1.03,-0.09,0.00,002296,8.72,不复权,正常交易,,,
2023-02-20,002296,8.580,8.680,8.680,8.510,9997061,86774489.48,2.00,0.58,0.05,0.00,002296,8.63,不复权,正常交易,,,
2023-02-21,002296,8.660,8.760,8.830,8.630,12482400,109345824.00,2.32,0.92,0.08,0.00,002296,8.68,不复权,正常交易,,,
2023-02-22,002296,8.680,8.820,8.860,8.610,11690956,103114231.92,2.90,0.68,0.06,0.00,002296,8.76,不复权,正常交易,,,
2023-02-23,002296,8.810,8.670,8.820,8.620,9670302,83841518.34,2.32,-1.70,-0.15,0.00,002296,8.82,不复权,正常交易,,,
2023-02-24,002296,8.680,8.840,8.910,8.660,13042370,115294550.80,2.89,1.96,0.17,0.00,002296,8.67,不复权,正常交易,,,
2023-02-27,002296,8.800,9.270,9.720,8.720,63361562,587361679.74,11.47,4.86,0.43,0.00,002296,8.84,不复权,正常交易,,,
2023-02-28,002296,9.270,9.290,9.370,9.120,41931130,389540197.70,2.74,0.22,0.02,0.00,002296,9.27,不复权,正常交易,,,
2023-03-01,002296,9.220,9.340,9.420,9.180,31064630,290143644.20,2.61,0.54,0.05,0.00,002296,9.29,不复权,正常交易,,,
2023-03-02,002296,9.330,9.480,9.590,9.280,39199372,371610046.56,3.34,1.50,0.14,0.00,002296,9.34,不复权,正常交易,,,
2023-03-03,002296,9.480,9.330,9.480,9.190,25169500,234831435.00,3.16,-1.58,-0.15,0.00,002296,9.48,不复权,正常交易,,,
2023-03-06,002296,9.330,9.250,9.400,9.200,14312100,132386925.00,2.17,-0.86,-0.08,0.00,002296,9.33,不复权,正常交易,,,
2023-03-07,002296,9.180,8.920,9.300,8.910,17283000,154164360.00,4.38,-3.57,-0.33,0.00,002296,9.25,不复权,正常交易,,,
2023-03-08,002296,8.900,9.290,9.350,8.850,21603227,200693978.83,5.65,4.15,0.37,0.00,002296,8.92,不复权,正常交易,,,
2023-03-09,002296,9.290,9.380,9.450,9.200,27386506,256885426.28,2.72,0.97,0.09,0.00,002296,9.29,不复权,正常交易,,,
2023-03-10,002296,9.280,9.100,9.300,9.100,17483363,159098603.30,2.20,-2.99,-0.28,0.00,002296,9.38,不复权,正常交易,,,
2023-03-13,002296,9.100,9.160,9.200,9.010,12784400,117105104.00,2.11,0.66,0.06,0.00,002296,9.10,不复权,正常交易,,,
2023-03-14,002296,9.150,9.260,9.360,8.780,31909539,295482331.14,6.61,1.09,0.10,0.00,002296,9.16,不复权,正常交易,,,
2023-03-15,002296,9.290,9.300,9.360,9.130,19173300,178311690.00,2.52,0.43,0.04,0.00,002296,9.26,不复权,正常交易,,,
2023-03-16,002296,9.200,8.970,9.210,8.960,16898389,151578549.33,2.79,-3.55,-0.33,0.00,002296,9.30,不复权,正常交易,,,
2023-03-17,002296,9.090,9.060,9.190,9.050,13364889,121085894.34,1.55,1.00,0.09,0.00,002296,8.97,不复权,正常交易,,,
2023-03-20,002296,9.130,8.800,9.140,8.800,16067866,141397220.80,3.86,-2.87,-0.26,0.00,002296,9.06,不复权,正常交易,,,
2023-03-21,002296,8.870,9.020,9.060,8.710,14081700,127016934.00,4.02,2.50,0.22,0.00,002296,8.80,不复权,正常交易,,,
2023-03-22,002296,9.020,9.180,9.210,8.950,14698230,134929751.40,2.91,1.77,0.16,0.00,002296,9.02,不复权,正常交易,,,
2023-03-23,002296,9.160,9.350,9.380,9.150,21283650,199002127.50,2.51,1.85,0.17,0.00,002296,9.18,不复权,正常交易,,,
2023-03-24,002296,9.330,9.290,9.340,9.150,14905191,138469224.39,2.08,-0.64,-0.06,0.00,002296,9.35,不复权,正常交易,,,
2023-03-27,002296,9.290,9.360,9.450,9.220,17180156,160806260.16,2.49,0.75,0.07,0.00,002296,9.29,不复权,正常交易,,,
2023-03-28,002296,9.340,9.060,9.340,9.050,13975137,126614741.22,3.20,-3.21,-0.30,0.00,002296,9.36,不复权,正常交易,,,
2023-03-29,002296,9.080,9.020,9.130,8.950,9880900,89125718.00,2.01,-0.44,-0.04,0.00,002296,9.06,不复权,正常交易,,,
2023-03-30,002296,9.000,8.770,9.030,8.750,15888300,139340391.00,3.20,-2.77,-0.25,0.00,002296,9.02,不复权,正常交易,,,
2023-03-31,002296,8.750,8.850,8.900,8.600,14412368,127549456.80,3.49,0.91,0.08,0.00,002296,8.77,不复权,正常交易,,,
2023-04-03,002296,8.800,9.130,9.160,8.760,18200851,166173769.63,4.57,3.16,0.28,0.00,002296,8.85,不复权,正常交易,,,
2023-04-04,002296,9.130,8.970,9.170,8.870,12231400,109715658.00,3.38,-1.75,-0.16,0.00,002296,9.13,不复权,正常交易,,,
2023-04-06,002296,8.940,8.710,8.940,8.630,15625746,136100247.66,3.59,-2.90,-0.26,0.00,002296,8.97,不复权,正常交易,,,
2023-04-07,002296,8.730,8.950,9.020,8.640,15827212,141653547.40,4.40,2.76,0.24,0.00,002296,8.71,不复权,正常交易,,,
2023-04-10,002296,8.960,8.670,9.030,8.630,15610100,135339567.00,4.63,-3.13,-0.28,0.00,002296,8.95,不复权,正常交易,,,
2023-04-11,002296,8.640,8.560,8.700,8.450,10821500,92632040.00,2.96,-1.27,-0.11,0.00,002296,8.67,不复权,正常交易,,,
2023-04-12,002296,8.580,8.820,8.870,8.560,12103000,106748460.00,3.62,3.04,0.26,0.00,002296,8.56,不复权,正常交易,,,
2023-04-13,002296,8.770,8.540,8.820,8.530,11283200,96358528.00,3.40,-3.17,-0.28,0.00,002296,8.82,不复权,正常交易,,,
2023-04-14,002296,8.560,8.570,8.690,8.490,6769400,58013758.00,2.36,0.35,0.03,0.00,002296,8.54,不复权,正常交易,,,
2023-04-17,002296,8.570,8.400,8.580,8.360,10519600,88364640.00,2.63,-1.98,-0.17,0.00,002296,8.57,不复权,正常交易,,,
2023-04-18,002296,8.370,8.340,8.370,8.160,9378325,78215230.50,2.57,-0.71,-0.06,0.00,002296,8.40,不复权,正常交易,,,
2023-04-19,002296,8.400,8.360,8.520,8.340,8355500,69851980.00,2.16,0.24,0.02,0.00,002296,8.34,不复权,正常交易,,,
2023-04-20,002296,8.340,8.370,8.440,8.280,5975000,50010750.00,1.93,0.12,0.01,0.00,002296,8.36,不复权,正常交易,,,
2023-04-21,002296,8.360,7.960,8.360,7.960,10439100,83095236.00,5.03,-4.90,-0.41,0.00,002296,8.37,不复权,正常交易,,,
2023-04-24,002296,7.950,8.150,8.220,7.880,10250626,83542601.90,4.31,2.39,0.19,0.00,002296,7.96,不复权,正常交易,,,
2023-04-25,002296,8.100,7.960,8.150,7.850,7640570,60818937.20,3.82,-2.33,-0.19,0.00,002296,8.15,不复权,正常交易,,,
2023-04-26,002296,7.910,8.010,8.100,7.900,6320790,50629527.90,2.53,0.63,0.05,0.00,002296,7.96,不复权,正常交易,,,
2023-04-27,002296,7.960,8.100,8.150,7.950,6681300,54118530.00,2.52,1.12,0.09,0.00,002296,8.01,不复权,正常交易,,,
2023-04-28,002296,8.060,8.290,8.310,8.060,7335200,60808808.00,3.10,2.35,0.19,0.00,002296,8.10,不复权,正常交易,,,
2023-05-04,002296,8.290,8.320,8.390,8.190,6396100,53215552.00,2.44,0.36,0.03,0.00,002296,8.29,不复权,正常交易,,,
2023-05-05,002296,8.230,8.200,8.330,8.120,5361220,43962004.00,2.59,-1.44,-0.12,0.00,002296,8.32,不复权,正常交易,,,
2023-05-08,002296,8.260,8.410,8.410,8.220,7680900,64596369.00,2.31,2.56,0.21,0.00,002296,8.20,不复权,正常交易,,,
2023-05-09,002296,8.400,8.130,8.420,8.120,8841600,71882208.00,3.69,-3.33,-0.28,0.00,002296,8.41,不复权,正常交易,,,
2023-05-10,002296,8.120,8.210,8.260,8.060,4684850,38462618.50,2.48,0.98,0.08,0.00,002296,8.13,不复权,正常交易,,,
2023-05-11,002296,8.190,8.270,8.290,8.180,3813990,31541697.30,1.34,0.73,0.06,0.00,002296,8.21,不复权,正常交易,,,
2023-05-12,002296,8.260,8.190,8.360,8.170,3218400,26358696.00,2.33,-0.97,-0.08,0.00,002296,8.27,不复权,正常交易,,,
2023-05-15,002296,8.200,8.200,8.210,8.020,4251850,34865170.00,2.37,0.12,0.01,0.00,002296,8.19,不复权,正常交易,,,
2023-05-16,002296,8.190,8.190,8.210,8.090,3593500,29430765.00,1.48,-0.12,-0.01,0.00,002296,8.20,不复权,正常交易,,,
2023-05-17,002296,8.190,8.320,8.350,8.100,7192250,59839520.00,3.09,1.59,0.13,0.00,002296,8.19,不复权,正常交易,,,
2023-05-18,002296,8.360,8.460,8.480,8.330,7983550,67540833.00,1.80,1.68,0.14,0.00,002296,8.32,不复权,正常交易,,,
2023-05-19,002296,8.440,8.470,8.510,8.400,7683200,65076704.00,1.31,0.12,0.01,0.00,002296,8.46,不复权,正常交易,,,
2023-05-22,002296,8.470,8.510,8.530,8.420,5214350,44374118.50,1.31,0.47,0.04,0.00,002296,8.47,不复权,正常交易,,,
2023-05-23,002296,8.510,8.380,8.510,8.370,5037600,42215088.00,1.67,-1.53,-0.13,0.00,002296,8.51,不复权,正常交易,,,
2023-05-24,002296,8.360,8.400,8.460,8.340,3905102,32802856.80,1.44,0.24,0.02,0.00,002296,8.38,不复权,正常交易,,,
2023-05-25,002296,8.390,8.380,8.560,8.250,6094900,51075262.00,3.76,-0.24,-0.02,0.00,002296,8.40,不复权,正常交易,,,
2023-05-26,002296,8.410,8.500,8.520,8.290,5016300,42638550.00,2.77,1.43,0.12,0.00,002296,8.38,不复权,正常交易,,,
2023-05-29,002296,8.600,8.460,8.680,8.410,7549727,63870690.42,3.21,-0.47,-0.04,0.00,002296,8.50,不复权,正常交易,,,
2023-05-30,002296,8.580,8.610,8.660,8.380,9382300,80781603.00,3.34,1.77,0.15,0.00,002296,8.46,不复权,正常交易,,,
2023-05-31,002296,8.580,8.640,8.660,8.530,7256300,62694432.00,1.52,0.35,0.03,0.00,002296,8.61,不复权,正常交易,,,
2023-06-01,002296,8.640,8.600,8.650,8.530,9355300,80455580.00,1.41,-0.46,-0.04,0.00,002296,8.64,不复权,正常交易,,,
2023-06-02,002296,8.580,8.460,8.610,8.450,8815300,74577438.00,1.89,-1.63,-0.14,0.00,002296,8.60,不复权,正常交易,,,
2023-06-05,002296,8.500,8.650,8.680,8.480,10772800,93184720.00,2.36,2.25,0.19,0.00,002296,8.46,不复权,正常交易,,,
2023-06-06,002296,8.650,8.410,8.650,8.360,6644200,55877722.00,3.47,-2.77,-0.24,0.00,002296,8.65,不复权,正常交易,,,
2023-06-07,002296,8.400,8.480,8.530,8.330,5286900,44832912.00,2.40,0.83,0.07,0.00,002296,8.41,不复权,正常交易,,,
2023-06-08,002296,8.460,8.300,8.500,8.250,5901627,48983504.10,3.03,-2.12,-0.18,0.00,002296,8.48,不复权,正常交易,,,
2023-06-09,002296,8.290,8.520,8.530,8.280,6999600,59636592.00,3.02,2.65,0.22,0.00,002296,8.30,不复权,正常交易,,,
2023-06-12,002296,8.520,8.510,8.570,8.410,5688000,48404880.00,1.90,-0.12,-0.01,0.00,002296,8.52,不复权,正常交易,,,
2023-06-13,002296,8.510,8.560,8.580,8.450,4983400,42657904.00,1.54,0.59,0.05,0.00,002296,8.51,不复权,正常交易,,,
2023-06-14,002296,8.600,8.570,8.600,8.470,5949000,50982930.00,1.53,0.12,0.01,0.00,002296,8.56,不复权,正常交易,,,
2023-06-15,002296,8.590,8.510,8.640,8.490,6349201,54031700.51,1.77,-0.70,-0.06,0.00,002296,8.57,不复权,正常交易,,,
2023-06-16,002296,8.520,8.620,8.650,8.430,7979261,68781229.82,2.61,1.29,0.11,0.00,002296,8.51,不复权,正常交易,,,
2023-06-19,002296,8.630,8.640,8.670,8.590,6291800,54361152.00,0.93,0.23,0.02,0.00,002296,8.62,不复权,正常交易,,,
2023-06-20,002296,8.650,8.610,8.650,8.520,5224839,44985863.79,1.53,-0.35,-0.03,0.00,002296,8.64,不复权,正常交易,,,
2023-06-21,002296,8.590,8.440,8.590,8.420,6027649,50873357.56,2.02,-1.97,-0.17,0.00,002296,8.61,不复权,正常交易,,,
2023-06-26,002296,8.420,8.110,8.450,8.090,7975300,64679683.00,4.45,-3.91,-0.33,0.00,002296,8.44,不复权,正常交易,,,
2023-06-27,002296,8.100,8.380,8.390,8.080,6415687,53763457.06,3.84,3.33,0.27,0.00,002296,8.11,不复权,正常交易,,,
2023-06-28,002296,8.360,8.240,8.370,8.030,8063287,66441484.88,4.23,-1.67,-0.14,0.00,002296,8.38,不复权,正常交易,,,
2023-06-29,002296,8.230,8.530,8.550,8.220,8675500,74002015.00,4.01,3.52,0.29,0.00,002296,8.24,不复权,正常交易,,,
2023-06-30,002296,8.490,8.600,8.630,8.460,7167700,61642220.00,2.01,0.82,0.07,0.00,002296,8.53,不复权,正常交易,,,
2023-07-03,002296,8.620,8.610,8.720,8.450,7079600,60955356.00,3.20,0.12,0.01,0.00,002296,8.60,不复权,正常交易,,,
2023-07-04,002296,8.590,8.610,8.670,8.540,3834600,33015906.00,1.52,0.00,0.00,0.00,002296,8.61,不复权,正常交易,,,
2023-07-05,002296,8.580,8.510,8.630,8.490,3688500,31389135.00,1.65,-1.16,-0.10,0.00,002296,8.61,不复权,正常交易,,,
2023-07-06,002296,8.500,8.520,8.600,8.480,3324400,28323888.00,1.42,0.12,0.01,0.00,002296,8.51,不复权,正常交易,,,
2023-07-07,002296,8.550,8.400,8.550,8.380,3948100,33164040.00,2.03,-1.41,-0.12,0.00,002296,8.52,不复权,正常交易,,,
2023-07-10,002296,8.400,8.340,8.430,8.290,4589900,38279766.00,1.69,-0.71,-0.06,0.00,002296,8.40,不复权,正常交易,,,
2023-07-11,002296,8.350,8.460,8.490,8.320,4457000,37706220.00,2.04,1.44,0.12,0.00,002296,8.34,不复权,正常交易,,,
2023-07-12,002296,8.450,8.270,8.490,8.250,5681000,46981870.00,2.91,-2.25,-0.19,0.00,002296,8.46,不复权,正常交易,,,
2023-07-13,002296,8.250,8.340,8.370,8.250,4284300,35731062.00,1.45,0.85,0.07,0.00,002296,8.27,不复权,正常交易,,,
2023-07-14,002296,8.350,8.440,8.530,8.270,6588700,55608628.00,3.14,1.20,0.10,0.00,002296,8.34,不复权,正常交易,,,
2023-07-17,002296,8.400,8.370,8.470,8.320,3971600,33242292.00,1.80,-0.83,-0.07,0.00,002296,8.44,不复权,正常交易,,,
2023-07-18,002296,8.380,8.310,8.400,8.280,4181400,34747434.00,1.45,-0.72,-0.06,0.00,002296,8.37,不复权,正常交易,,,
2023-07-19,002296,8.280,8.230,8.350,8.210,5068200,41711286.00,1.71,-0.96,-0.08,0.00,002296,8.31,不复权,正常交易,,,
2023-07-20,002296,8.210,8.080,8.260,8.050,7769600,62778368.00,2.61,-1.82,-0.15,0.00,002296,8.23,不复权,正常交易,,,
2023-07-21,002296,8.030,7.940,8.090,7.910,6382200,50674668.00,2.28,-1.73,-0.14,0.00,002296,8.08,不复权,正常交易,,,
2023-07-24,002296,7.910,8.030,8.120,7.910,4835910,38832357.30,2.65,1.13,0.09,0.00,002296,7.94,不复权,正常交易,,,
2023-07-25,002296,8.070,8.150,8.160,8.040,3862500,31479375.00,1.49,1.49,0.12,0.00,002296,8.03,不复权,正常交易,,,
2023-07-26,002296,8.170,8.050,8.170,8.030,4094000,32956700.00,1.74,-1.23,-0.10,0.00,002296,8.15,不复权,正常交易,,,
2023-07-27,002296,8.040,8.000,8.120,7.990,3516637,28133096.00,1.63,-0.62,-0.05,0.00,002296,8.05,不复权,正常交易,,,
2023-07-28,002296,7.970,8.080,8.100,7.920,4337927,35050450.16,2.27,1.00,0.08,0.00,002296,8.00,不复权,正常交易,,,
2023-07-31,002296,8.080,8.130,8.150,8.030,4265200,34676076.00,1.49,0.62,0.05,0.00,002296,8.08,不复权,正常交易,,,
2023-08-01,002296,8.110,8.120,8.150,8.020,4258800,34581456.00,1.62,-0.12,-0.01,0.00,002296,8.13,不复权,正常交易,,,
2023-08-02,002296,8.090,8.140,8.160,8.040,3070410,24993137.40,1.49,0.25,0.02,0.00,002296,8.12,不复权,正常交易,,,
2023-08-03,002296,8.120,8.080,8.140,8.050,2593300,20953864.00,1.12,-0.74,-0.06,0.00,002296,8.14,不复权,正常交易,,,
2023-08-04,002296,8.080,8.150,8.150,8.070,3808884,31042404.60,0.99,0.87,0.07,0.00,002296,8.08,不复权,正常交易,,,
2023-08-07,002296,8.150,8.100,8.180,8.050,3430500,27787050.00,1.61,-0.61,-0.05,0.00,002296,8.15,不复权,正常交易,,,
2023-08-08,002296,8.080,8.050,8.110,8.020,2767250,22276362.50,1.12,-0.62,-0.05,0.00,002296,8.10,不复权,正常交易,,,
2023-08-09,002296,8.060,7.940,8.060,7.920,4776800,37927792.00,1.77,-1.37,-0.11,0.00,002296,8.05,不复权,正常交易,,,
2023-08-10,002296,7.920,7.980,8.000,7.910,2714400,21660912.00,1.14,0.50,0.04,0.00,002296,7.94,不复权,正常交易,,,
2023-08-11,002296,7.980,7.870,8.010,7.840,3940900,31014883.00,2.17,-1.38,-0.11,0.00,002296,7.98,不复权,正常交易,,,
2023-08-14,002296,7.810,7.880,7.900,7.710,5189600,40894048.00,2.46,0.13,0.01,0.00,002296,7.87,不复权,正常交易,,,
2023-08-15,002296,7.860,7.830,7.910,7.790,3205900,25102197.00,1.54,-0.63,-0.05,0.00,002296,7.88,不复权,正常交易,,,
2023-08-16,002296,7.820,7.650,7.820,7.630,4496125,34395356.25,2.49,-2.30,-0.18,0.00,002296,7.83,不复权,正常交易,,,
2023-08-17,002296,7.630,7.810,7.830,7.540,4426000,34567060.00,3.85,2.09,0.16,0.00,002296,7.65,不复权,正常交易,,,
2023-08-18,002296,7.860,7.660,7.870,7.650,3101700,23759022.00,2.88,-1.92,-0.15,0.00,002296,7.81,不复权,正常交易,,,
2023-08-21,002296,7.680,7.720,7.830,7.680,4004700,30916284.00,1.95,0.78,0.06,0.00,002296,7.66,不复权,正常交易,,,
2023-08-22,002296,7.750,7.900,7.910,7.710,5210760,41165004.00,2.59,2.33,0.18,0.00,002296,7.72,不复权,正常交易,,,
2023-08-23,002296,7.860,7.770,7.890,7.760,3147570,24456618.90,1.68,-1.65,-0.13,0.00,002296,7.90,不复权,正常交易,,,
2023-08-24,002296,7.820,7.700,7.860,7.660,3024400,23287880.00,2.61,-0.90,-0.07,0.00,002296,7.77,不复权,正常交易,,,
2023-08-25,002296,7.700,7.450,7.700,7.400,5587774,41628916.30,4.05,-3.25,-0.25,0.00,002296,7.70,不复权,正常交易,,,
2023-08-28,002296,7.850,7.550,7.850,7.510,6120825,46212228.75,4.53,1.34,0.10,0.00,002296,7.45,不复权,正常交易,,,
2023-08-29,002296,7.420,7.640,7.680,7.400,6935700,52988748.00,3.78,1.19,0.09,0.00,002296,7.55,不复权,正常交易,,,
2023-08-30,002296,7.620,7.680,7.790,7.610,8127684,62420613.12,2.37,0.52,0.04,0.00,002296,7.64,不复权,正常交易,,,
2023-08-31,002296,7.660,7.660,7.700,7.580,4271590,32720379.40,1.58,-0.26,-0.02,0.00,002296,7.68,不复权,正常交易,,,
2023-09-01,002296,7.700,7.580,7.700,7.520,4729700,35851126.00,2.39,-1.04,-0.08,0.00,002296,7.66,不复权,正常交易,,,
2023-09-04,002296,7.610,7.730,7.740,7.570,5820372,44991475.56,2.25,1.98,0.15,0.00,002296,7.58,不复权,正常交易,,,
2023-09-05,002296,7.730,7.700,7.750,7.660,5198332,40027156.40,1.17,-0.39,-0.03,0.00,002296,7.73,不复权,正常交易,,,
2023-09-06,002296,7.700,7.820,7.840,7.630,6276322,49080838.04,2.75,1.56,0.12,0.00,002296,7.70,不复权,正常交易,,,
2023-09-07,002296,7.820,7.750,7.880,7.750,4551400,35273350.00,1.68,-0.90,-0.07,0.00,002296,7.82,不复权,正常交易,,,
2023-09-08,002296,7.780,7.860,7.900,7.720,4699074,36934721.64,2.33,1.42,0.11,0.00,002296,7.75,不复权,正常交易,,,
2023-09-11,002296,7.870,7.870,7.890,7.750,5886700,46328329.00,1.81,0.13,0.01,0.00,002296,7.86,不复权,正常交易,,,
2023-09-12,002296,7.860,7.780,7.870,7.780,3874823,30146122.94,1.16,-1.14,-0.09,0.00,002296,7.87,不复权,正常交易,,,
2023-09-13,002296,7.780,7.590,7.790,7.540,6230400,47288736.00,3.32,-2.44,-0.19,0.00,002296,7.78,不复权,正常交易,,,
2023-09-14,002296,7.620,7.580,7.660,7.530,4702944,35648315.52,1.73,-0.13,-0.01,0.00,002296,7.59,不复权,正常交易,,,
2023-09-15,002296,7.590,7.520,7.610,7.490,4331600,32573632.00,1.60,-0.79,-0.06,0.00,002296,7.58,不复权,正常交易,,,
2023-09-18,002296,7.510,7.560,7.590,7.390,4787900,36196524.00,2.71,0.53,0.04,0.00,002296,7.52,不复权,正常交易,,,
2023-09-19,002296,7.530,7.430,7.550,7.410,5373302,39923633.86,1.89,-1.72,-0.13,0.00,002296,7.56,不复权,正常交易,,,
2023-09-20,002296,7.400,7.350,7.490,7.350,3868461,28433188.35,1.90,-1.08,-0.08,0.00,002296,7.43,不复权,正常交易,,,
2023-09-21,002296,7.350,7.470,7.750,7.330,8232200,61494534.00,5.73,1.63,0.12,0.00,002296,7.35,不复权,正常交易,,,
2023-09-22,002296,7.470,7.650,7.670,7.410,7932961,60687151.65,3.51,2.41,0.18,0.00,002296,7.47,不复权,正常交易,,,
2023-09-25,002296,7.640,7.580,7.710,7.540,5204800,39452384.00,2.25,-0.92,-0.07,0.00,002296,7.65,不复权,正常交易,,,
2023-09-26,002296,7.570,7.520,7.600,7.490,3578100,26907312.00,1.47,-0.79,-0.06,0.00,002296,7.58,不复权,正常交易,,,
2023-09-27,002296,7.520,7.520,7.610,7.440,5804700,43651344.00,2.28,0.00,0.00,0.00,002296,7.52,不复权,正常交易,,,
2023-09-28,002296,7.520,7.700,7.730,7.510,5776822,44481529.40,2.93,2.39,0.18,0.00,002296,7.52,不复权,正常交易,,,
2023-10-09,002296,7.710,7.690,7.740,7.610,5873997,45171036.93,1.71,-0.13,-0.01,0.00,002296,7.70,不复权,正常交易,,,
2023-10-10,002296,7.710,7.750,7.790,7.680,4722897,36602451.75,1.43,0.78,0.06,0.00,002296,7.69,不复权,正常交易,,,
2023-10-11,002296,7.770,7.760,7.800,7.670,4806100,37295336.00,1.69,0.13,0.01,0.00,002296,7.75,不复权,正常交易,,,
2023-10-12,002296,7.770,7.730,7.790,7.720,3408000,26343840.00,0.91,-0.39,-0.03,0.00,002296,7.76,不复权,正常交易,,,
2023-10-13,002296,7.730,7.730,7.780,7.670,3249125,25115736.25,1.43,0.00,0.00,0.00,002296,7.73,不复权,正常交易,,,
2023-10-16,002296,7.720,7.680,7.760,7.650,4014000,30827520.00,1.44,-0.65,-0.05,0.00,002296,7.73,不复权,正常交易,,,
2023-10-17,002296,7.680,7.700,7.720,7.630,3462500,26661250.00,1.18,0.26,0.02,0.00,002296,7.68,不复权,正常交易,,,
2023-10-18,002296,7.700,7.500,7.700,7.490,4091700,30687750.00,2.80,-2.60,-0.20,0.00,002296,7.70,不复权,正常交易,,,
2023-10-19,002296,7.490,7.460,7.650,7.460,3960100,29542346.00,2.55,-0.53,-0.04,0.00,002296,7.50,不复权,正常交易,,,
2023-10-20,002296,7.460,7.240,7.530,7.230,6452301,46714659.24,4.15,-2.95,-0.22,0.00,002296,7.46,不复权,正常交易,,,
2023-10-23,002296,7.180,7.010,7.240,6.960,5745299,40274545.99,4.02,-3.18,-0.23,0.00,002296,7.24,不复权,正常交易,,,
2023-10-24,002296,7.000,7.210,7.240,6.970,5543270,39966976.70,3.87,2.85,0.20,0.00,002296,7.01,不复权,正常交易,,,
2023-10-25,002296,7.240,7.420,7.460,7.200,4894100,36314222.00,3.61,2.91,0.21,0.00,002296,7.21,不复权,正常交易,,,
2023-10-26,002296,7.360,7.520,7.530,7.360,4310200,32412704.00,2.31,1.35,0.10,0.00,002296,7.42,不复权,正常交易,,,
2023-10-27,002296,7.700,7.860,8.040,7.700,18516700,145541262.00,4.42,4.52,0.34,0.00,002296,7.52,不复权,正常交易,,,
2023-10-30,002296,7.790,8.060,8.100,7.780,15000900,120907254.00,4.11,2.54,0.20,0.00,002296,7.86,不复权,正常交易,,,
2023-10-31,002296,8.080,8.050,8.210,8.030,9536040,76765122.00,2.24,-0.12,-0.01,0.00,002296,8.06,不复权,正常交易,,,
2023-11-01,002296,8.070,8.140,8.170,7.980,7026200,57193268.00,2.38,1.12,0.09,0.00,002296,8.05,不复权,正常交易,,,
2023-11-02,002296,8.120,8.060,8.230,8.040,5317667,42860396.02,2.36,-0.98,-0.08,0.00,002296,8.14,不复权,正常交易,,,
2023-11-03,002296,8.050,8.120,8.180,8.010,4626500,37567180.00,2.12,0.74,0.06,0.00,002296,8.06,不复权,正常交易,,,
2023-11-06,002296,8.140,8.240,8.270,8.120,7255285,59783548.40,1.85,1.48,0.12,0.00,002296,8.12,不复权,正常交易,,,
2023-11-07,002296,8.230,8.220,8.270,8.190,4766070,39177095.40,0.98,-0.24,-0.02,0.00,002296,8.24,不复权,正常交易,,,
2023-11-08,002296,8.250,8.260,8.340,8.220,6053100,49998606.00,1.46,0.49,0.04,0.00,002296,8.22,不复权,正常交易,,,
2023-11-09,002296,8.270,8.160,8.270,8.120,4964000,40506240.00,1.85,-1.21,-0.10,0.00,002296,8.26,不复权,正常交易,,,
2023-11-10,002296,8.120,8.170,8.220,8.090,3657985,29885737.45,1.61,0.12,0.01,0.00,002296,8.16,不复权,正常交易,,,
2023-11-13,002296,8.170,8.380,8.400,8.170,7169200,60077896.00,2.82,2.57,0.21,0.00,002296,8.17,不复权,正常交易,,,
2023-11-14,002296,8.380,8.390,8.410,8.310,5405500,45352145.00,1.20,0.12,0.01,0.00,002296,8.38,不复权,正常交易,,,
2023-11-15,002296,8.430,8.440,8.480,8.370,5032100,42470924.00,1.31,0.60,0.05,0.00,002296,8.39,不复权,正常交易,,,
2023-11-16,002296,8.390,8.500,8.580,8.380,7039902,59839167.00,2.39,0.71,0.06,0.00,002296,8.44,不复权,正常交易,,,
2023-11-17,002296,8.460,8.570,8.580,8.410,7661600,65659912.00,2.02,0.82,0.07,0.00,002296,8.50,不复权,正常交易,,,
2023-11-20,002296,8.570,8.550,8.620,8.480,6508100,55644255.00,1.65,-0.23,-0.02,0.00,002296,8.57,不复权,正常交易,,,
2023-11-21,002296,8.570,8.460,8.610,8.450,5839800,49404708.00,1.89,-1.05,-0.09,0.00,002296,8.55,不复权,正常交易,,,
2023-11-22,002296,8.430,8.380,8.550,8.380,5883600,49304568.00,2.03,-0.95,-0.08,0.00,002296,8.46,不复权,正常交易,,,
2023-11-23,002296,8.430,8.530,8.540,8.350,4817700,41094981.00,2.28,1.79,0.15,0.00,002296,8.38,不复权,正常交易,,,
2023-11-24,002296,8.530,8.440,8.570,8.390,3824700,32280468.00,2.15,-1.06,-0.09,0.00,002296,8.53,不复权,正常交易,,,
2023-11-27,002296,8.410,8.480,8.540,8.380,4679600,39683008.00,1.91,0.47,0.04,0.00,002296,8.44,不复权,正常交易,,,
2023-11-28,002296,8.460,8.550,8.600,8.420,4790419,40958082.45,2.14,0.83,0.07,0.00,002296,8.48,不复权,正常交易,,,
2023-11-29,002296,8.530,8.470,8.580,8.450,5156950,43679366.50,1.54,-0.94,-0.08,0.00,002296,8.55,不复权,正常交易,,,
2023-11-30,002296,8.500,8.360,8.560,8.290,6235160,52125937.60,3.26,-1.30,-0.11,0.00,002296,8.47,不复权,正常交易,,,
2023-12-01,002296,8.350,8.440,8.490,8.290,6868170,57967354.80,2.41,0.96,0.08,0.00,002296,8.36,不复权,正常交易,,,
2023-12-04,002296,8.490,8.510,8.580,8.460,7790000,66292900.00,1.42,0.83,0.07,0.00,002296,8.44,不复权,正常交易,,,
2023-12-05,002296,8.490,8.300,8.490,8.280,5936200,49270460.00,2.54,-2.47,-0.21,0.00,002296,8.51,不复权,正常交易,,,
2023-12-06,002296,8.250,8.320,8.380,8.200,4979600,41430272.00,2.20,0.24,0.02,0.00,002296,8.30,不复权,正常交易,,,
2023-12-07,002296,8.270,8.330,8.380,8.260,4788230,39885955.90,1.45,0.12,0.01,0.00,002296,8.32,不复权,正常交易,,,
2023-12-08,002296,8.340,8.280,8.480,8.250,5889315,48763528.20,2.79,-0.60,-0.05,0.00,002296,8.33,不复权,正常交易,,,
2023-12-11,002296,8.210,8.300,8.380,8.210,7385600,61300480.00,2.07,0.24,0.02,0.00,002296,8.28,不复权,正常交易,,,
2023-12-12,002296,8.360,8.380,8.420,8.310,5483600,45952568.00,1.32,0.96,0.08,0.00,002296,8.30,不复权,正常交易,,,
2023-12-13,002296,8.340,8.330,8.440,8.310,4443050,37010606.50,1.56,-0.60,-0.05,0.00,002296,8.38,不复权,正常交易,,,
2023-12-14,002296,8.410,8.480,8.570,8.370,6983670,59221521.60,2.39,1.80,0.15,0.00,002296,8.33,不复权,正常交易,,,
2023-12-15,002296,8.430,8.350,8.480,8.250,6034722,50389928.70,2.79,-1.53,-0.13,0.00,002296,8.48,不复权,正常交易,,,
2023-12-18,002296,8.320,8.260,8.400,8.230,5607800,46320428.00,2.07,-1.08,-0.09,0.00,002296,8.35,不复权,正常交易,,,
2023-12-19,002296,8.200,8.320,8.340,8.150,4967400,41328768.00,2.33,0.73,0.06,0.00,002296,8.26,不复权,正常交易,,,
2023-12-20,002296,8.290,8.200,8.380,8.190,5230500,42890100.00,2.32,-1.44,-0.12,0.00,002296,8.32,不复权,正常交易,,,
2023-12-21,002296,8.180,8.240,8.300,8.040,6339752,52239556.48,3.23,0.49,0.04,0.00,002296,8.20,不复权,正常交易,,,
2023-12-22,002296,8.250,8.090,8.270,8.040,4881500,39491335.00,2.86,-1.82,-0.15,0.00,002296,8.24,不复权,正常交易,,,
2023-12-25,002296,8.110,8.020,8.220,7.940,6733240,54000584.80,3.53,-0.87,-0.07,0.00,002296,8.09,不复权,正常交易,,,
2023-12-26,002296,8.020,7.900,8.040,7.840,5008655,39568374.50,2.55,-1.50,-0.12,0.00,002296,8.02,不复权,正常交易,,,
2023-12-27,002296,7.890,8.050,8.070,7.890,4254492,34248660.60,2.28,1.90,0.15,0.00,002296,7.90,不复权,正常交易,,,
2023-12-28,002296,7.950,8.140,8.200,7.910,5527398,44993019.72,3.67,1.12,0.09,0.00,002296,8.05,不复权,正常交易,,,
2023-12-29,002296,8.120,8.250,8.280,8.080,4751000,39195750.00,2.48,1.35,0.11,0.00,002296,8.14,不复权,正常交易,,,
2024-01-02,002296,8.250,8.370,8.410,8.210,6660740,55750393.80,2.44,1.45,0.12,0.00,002296,8.25,不复权,正常交易,,,
2024-01-03,002296,8.350,8.370,8.390,8.270,4578300,38320371.00,1.45,0.00,0.00,0.00,002296,8.37,不复权,正常交易,,,
2024-01-04,002296,8.350,8.380,8.430,8.290,4044400,33892072.00,1.69,0.12,0.01,0.00,002296,8.37,不复权,正常交易,,,
2024-01-05,002296,8.430,8.260,8.430,8.210,4724600,39025196.00,2.68,-1.43,-0.12,0.00,002296,8.38,不复权,正常交易,,,
2024-01-08,002296,8.250,8.050,8.250,8.030,5650700,45488135.00,2.74,-2.54,-0.21,0.00,002296,8.26,不复权,正常交易,,,
2024-01-09,002296,8.070,8.110,8.210,8.050,5397800,43776158.00,1.99,0.75,0.06,0.00,002296,8.05,不复权,正常交易,,,
2024-01-10,002296,8.080,7.950,8.110,7.900,4783800,38031210.00,2.66,-1.97,-0.16,0.00,002296,8.11,不复权,正常交易,,,
2024-01-11,002296,7.990,8.140,8.160,7.950,4814417,39189354.38,2.64,2.39,0.19,0.00,002296,7.95,不复权,正常交易,,,
2024-01-12,002296,8.130,8.010,8.230,7.980,4340100,34764201.00,3.13,-1.60,-0.13,0.00,002296,8.14,不复权,正常交易,,,
2024-01-15,002296,8.030,7.950,8.070,7.890,4844400,38512980.00,2.28,-0.75,-0.06,0.00,002296,8.01,不复权,正常交易,,,
2024-01-16,002296,7.950,7.910,8.000,7.800,3935800,31132178.00,2.56,-0.50,-0.04,0.00,002296,7.95,不复权,正常交易,,,
2024-01-17,002296,7.960,7.780,7.970,7.770,3691300,28718314.00,2.57,-1.64,-0.13,0.00,002296,7.91,不复权,正常交易,,,
2024-01-18,002296,7.740,7.660,7.850,7.450,7024900,53810734.00,5.37,-1.54,-0.12,0.00,002296,7.78,不复权,正常交易,,,
2024-01-19,002296,7.670,8.200,8.430,7.600,31239171,256161202.20,10.92,7.05,0.54,0.00,002296,7.66,不复权,正常交易,,,
2024-01-22,002296,7.950,7.380,7.970,7.380,26980912,199119130.56,7.99,-10.00,-0.82,0.00,002296,8.20,不复权,正常交易,,,
2024-01-23,002296,6.930,6.970,6.990,6.640,35662825,248569890.25,5.27,-5.56,-0.41,0.00,002296,7.38,不复权,正常交易,,,
2024-01-24,002296,6.900,7.140,7.210,6.810,22821440,162945081.60,5.87,2.44,0.17,0.00,002296,6.97,不复权,正常交易,,,
2024-01-25,002296,7.200,7.400,7.420,7.180,16202574,119899047.60,3.34,3.64,0.26,0.00,002296,7.14,不复权,正常交易,,,
2024-01-26,002296,7.400,7.330,7.730,7.310,14079015,103199179.95,5.75,-0.95,-0.07,0.00,002296,7.40,不复权,正常交易,,,
2024-01-29,002296,7.280,7.000,7.400,6.990,12377966,86645762.00,5.87,-4.50,-0.33,0.00,002296,7.33,不复权,正常交易,,,
2024-01-30,002296,7.010,6.890,7.200,6.860,11628700,80121743.00,4.96,-1.57,-0.11,0.00,002296,7.00,不复权,正常交易,,,
2024-01-31,002296,6.910,6.470,6.960,6.460,12487900,80796713.00,7.74,-6.10,-0.42,0.00,002296,6.89,不复权,正常交易,,,
2024-02-01,002296,6.480,6.270,6.480,6.110,13188981,82694910.87,6.06,-3.09,-0.20,0.00,002296,6.47,不复权,正常交易,,,
2024-02-02,002296,6.280,5.940,6.490,5.740,13575570,80638885.80,13.07,-5.26,-0.33,0.00,002296,6.27,不复权,正常交易,,,
2024-02-05,002296,5.860,5.350,5.890,5.350,19211039,102779058.65,10.09,-9.93,-0.59,0.00,002296,5.94,不复权,正常交易,,,
2024-02-06,002296,4.980,5.120,5.340,4.820,33196502,169966090.24,10.79,-4.30,-0.23,0.00,002296,5.35,不复权,正常交易,,,
2024-02-07,002296,5.120,4.890,5.190,4.840,29654749,145011722.61,7.23,-4.49,-0.23,0.00,002296,5.12,不复权,正常交易,,,
2024-02-08,002296,4.930,5.380,5.380,4.830,26894333,144691511.54,11.39,10.02,0.49,0.00,002296,4.89,不复权,正常交易,,,
2024-02-19,002296,5.580,5.920,5.920,5.560,15438934,91398489.28,6.47,10.04,0.54,0.00,002296,5.38,不复权,正常交易,,,
2024-02-20,002296,6.030,5.880,6.060,5.760,23993281,141080492.28,5.21,-0.68,-0.04,0.00,002296,5.92,不复权,正常交易,,,
2024-02-21,002296,5.830,6.060,6.270,5.750,20853440,126371846.40,9.04,3.06,0.18,0.00,002296,5.88,不复权,正常交易,,,
2024-02-22,002296,6.060,6.260,6.260,6.050,13025834,81541720.84,3.47,3.30,0.20,0.00,002296,6.06,不复权,正常交易,,,
2024-02-23,002296,6.300,6.420,6.450,6.260,14720192,94503632.64,3.04,2.56,0.16,0.00,002296,6.26,不复权,正常交易,,,
2024-02-26,002296,6.500,6.670,6.830,6.420,18548792,123720442.64,6.39,3.89,0.25,0.00,002296,6.42,不复权,正常交易,,,
2024-02-27,002296,6.600,6.900,6.900,6.520,12821602,88469053.80,5.83,3.45,0.23,0.00,002296,6.67,不复权,正常交易,,,
2024-02-28,002296,6.930,6.270,7.150,6.250,22994900,144178023.00,14.40,-9.13,-0.63,0.00,002296,6.90,不复权,正常交易,,,
2024-02-29,002296,6.350,6.610,6.610,6.320,16228347,107269373.67,4.59,5.42,0.34,0.00,002296,6.27,不复权,正常交易,,,
2024-03-01,002296,6.590,6.680,6.730,6.560,13641992,91128506.56,2.59,1.06,0.07,0.00,002296,6.61,不复权,正常交易,,,
2024-03-04,002296,6.680,6.660,6.720,6.520,10706900,71307954.00,3.07,-0.30,-0.02,0.00,002296,6.68,不复权,正常交易,,,
2024-03-05,002296,6.660,6.520,6.660,6.470,9118773,59454399.96,2.94,-2.10,-0.14,0.00,002296,6.66,不复权,正常交易,,,
2024-03-06,002296,6.500,6.610,6.670,6.460,8698413,57496509.93,3.25,1.38,0.09,0.00,002296,6.52,不复权,正常交易,,,
2024-03-07,002296,6.640,6.690,6.920,6.620,14567500,97456575.00,4.53,1.21,0.08,0.00,002296,6.61,不复权,正常交易,,,
2024-03-08,002296,6.730,7.030,7.120,6.540,24322440,170986753.20,8.87,5.08,0.34,0.00,002296,6.69,不复权,正常交易,,,
2024-03-11,002296,7.050,7.350,7.690,7.040,34911400,256598790.00,9.23,4.55,0.32,0.00,002296,7.03,不复权,正常交易,,,
2024-03-12,002296,7.320,7.470,7.750,7.280,28581800,213506046.00,6.46,1.63,0.12,0.00,002296,7.35,不复权,正常交易,,,
2024-03-13,002296,7.410,7.420,7.560,7.250,18690617,138684378.14,4.28,-0.67,-0.05,0.00,002296,7.47,不复权,正常交易,,,
2024-03-14,002296,7.470,7.280,7.500,7.180,12401200,90280736.00,4.46,-1.89,-0.14,0.00,002296,7.42,不复权,正常交易,,,
2024-03-15,002296,7.270,7.650,7.680,7.210,19628800,150160320.00,6.52,5.08,0.37,0.00,002296,7.28,不复权,正常交易,,,
2024-03-18,002296,7.700,7.910,8.200,7.550,25242407,199667439.37,8.61,3.40,0.26,0.00,002296,7.65,不复权,正常交易,,,
2024-03-19,002296,7.870,7.770,7.960,7.750,11888701,92375206.77,2.71,-1.77,-0.14,0.00,002296,7.91,不复权,正常交易,,,
2024-03-20,002296,7.760,7.800,7.870,7.740,11433810,89183718.00,1.68,0.39,0.03,0.00,002296,7.77,不复权,正常交易,,,
2024-03-21,002296,7.800,7.820,7.950,7.720,12748996,99697148.72,2.98,0.26,0.02,0.00,002296,7.80,不复权,正常交易,,,
2024-03-22,002296,7.790,7.960,8.140,7.630,15805241,125809718.36,6.68,1.79,0.14,0.00,002296,7.82,不复权,正常交易,,,
2024-03-25,002296,7.850,7.570,7.920,7.500,15430200,116806614.00,5.60,-4.90,-0.39,0.00,002296,7.96,不复权,正常交易,,,
2024-03-26,002296,7.490,7.460,7.630,7.310,13120099,97875938.54,4.38,-1.45,-0.11,0.00,002296,7.57,不复权,正常交易,,,
2024-03-27,002296,7.440,7.120,7.470,7.110,9513300,67734696.00,5.06,-4.56,-0.34,0.00,002296,7.46,不复权,正常交易,,,
2024-03-28,002296,7.140,7.390,7.470,7.140,9935600,73424084.00,4.62,3.79,0.27,0.00,002296,7.12,不复权,正常交易,,,
2024-03-29,002296,7.390,7.630,7.640,7.300,9448091,72088934.33,4.66,3.25,0.24,0.00,002296,7.39,不复权,正常交易,,,
2024-04-01,002296,7.660,7.810,7.850,7.620,12430867,97085071.27,3.02,2.36,0.18,0.00,002296,7.63,不复权,正常交易,,,
2024-04-02,002296,7.800,7.700,7.800,7.650,7385801,56870667.70,1.96,-1.41,-0.11,0.00,002296,7.81,不复权,正常交易,,,
2024-04-03,002296,7.730,7.650,7.730,7.560,6010900,45983385.00,2.25,-0.65,-0.05,0.00,002296,7.70,不复权,正常交易,,,
2024-04-08,002296,7.560,7.510,7.670,7.500,6436400,48337364.00,2.27,-1.83,-0.14,0.00,002296,7.65,不复权,正常交易,,,
2024-04-09,002296,7.550,7.510,7.580,7.400,5511370,41390388.70,2.43,0.00,0.00,0.00,002296,7.51,不复权,正常交易,,,
2024-04-10,002296,7.500,7.270,7.520,7.210,6037100,43889717.00,4.30,-3.20,-0.24,0.00,002296,7.51,不复权,正常交易,,,
2024-04-11,002296,7.210,7.670,7.900,7.190,18122800,139001876.00,9.87,5.50,0.40,0.00,002296,7.27,不复权,正常交易,,,
2024-04-12,002296,7.610,7.500,7.720,7.460,13863902,103979265.00,3.49,-2.22,-0.17,0.00,002296,7.67,不复权,正常交易,,,
2024-04-15,002296,7.460,7.100,7.500,6.960,16843121,119586159.10,7.76,-5.33,-0.40,0.00,002296,7.50,不复权,正常交易,,,
2024-04-16,002296,7.030,6.400,7.040,6.390,20879602,133629452.80,10.17,-9.86,-0.70,0.00,002296,7.10,不复权,正常交易,,,
2024-04-17,002296,6.560,7.040,7.040,6.560,9449600,66525184.00,7.32,10.00,0.64,0.00,002296,6.40,不复权,正常交易,,,
2024-04-18,002296,7.170,7.270,7.400,6.890,18057207,131275894.89,7.40,3.27,0.23,0.00,002296,7.04,不复权,正常交易,,,
2024-04-19,002296,8.000,8.000,8.000,8.000,5296800,42374400.00,0.00,10.04,0.73,0.00,002296,7.27,不复权,正常交易,,,
2024-04-22,002296,8.800,8.800,8.800,8.800,8217391,72313040.80,0.00,10.00,0.80,0.00,002296,8.00,不复权,正常交易,,,
2024-04-23,002296,9.550,9.220,9.680,8.810,168430617,1552930288.74,9.88,4.77,0.42,0.00,002296,8.80,不复权,正常交易,,,
2024-04-24,002296,10.140,10.140,10.140,9.580,132642631,1344996278.34,5.85,9.98,0.92,0.00,002296,9.22,不复权,正常交易,,,
2024-04-25,002296,9.550,9.220,9.980,9.140,109417798,1008832097.56,9.19,-9.07,-0.92,0.00,002296,10.14,不复权,正常交易,,,
2024-04-26,002296,9.430,9.390,9.980,9.220,99966817,938688411.63,8.24,1.84,0.17,0.00,002296,9.22,不复权,正常交易,,,
2024-04-29,002296,9.340,10.220,10.330,9.100,108100649,1104788632.78,13.52,8.84,0.83,0.00,002296,9.39,不复权,正常交易,,,
2024-04-30,002296,10.400,10.090,11.050,9.940,92743711,935784043.99,11.17,-1.27,-0.13,0.00,002296,10.22,不复权,正常交易,,,
2024-05-06,002296,10.510,10.370,10.790,10.200,87341818,905734652.66,5.78,2.78,0.28,0.00,002296,10.09,不复权,正常交易,,,
2024-05-07,002296,10.460,10.240,10.570,10.040,58529789,599345039.36,5.28,-1.25,-0.13,0.00,002296,10.37,不复权,正常交易,,,
2024-05-08,002296,10.300,10.090,10.570,10.050,55162181,556586406.29,5.17,-1.46,-0.15,0.00,002296,10.24,不复权,正常交易,,,
2024-05-09,002296,10.040,9.790,10.090,9.660,61164111,598796646.69,4.45,-2.97,-0.30,0.00,002296,10.09,不复权,正常交易,,,
2024-05-10,002296,9.800,9.930,10.230,9.800,46203143,458797209.99,4.39,1.43,0.14,0.00,002296,9.79,不复权,正常交易,,,
2024-05-13,002296,10.240,10.170,10.800,10.140,65561233,666757739.61,6.51,2.42,0.24,0.00,002296,9.93,不复权,正常交易,,,
2024-05-14,002296,10.280,11.190,11.190,10.280,37597597,420717110.43,8.85,10.03,1.02,0.00,002296,10.17,不复权,正常交易,,,
2024-05-15,002296,11.580,10.720,11.580,10.530,75508980,809456265.60,9.97,-4.20,-0.47,0.00,002296,11.19,不复权,正常交易,,,
2024-05-16,002296,10.480,10.510,10.930,10.420,46279940,486402169.40,4.89,-1.96,-0.21,0.00,002296,10.72,不复权,正常交易,,,
2024-05-17,002296,10.510,10.300,10.580,10.000,40195700,414015710.00,5.80,-2.00,-0.21,0.00,002296,10.51,不复权,正常交易,,,
2024-05-20,002296,10.170,10.510,10.650,10.120,35594403,374097175.53,5.24,2.04,0.21,0.00,002296,10.30,不复权,正常交易,,,
2024-05-21,002296,10.500,10.510,10.650,10.280,26597307,279537696.57,3.60,0.00,0.00,0.00,002296,10.51,不复权,正常交易,,,
2024-05-22,002296,10.480,10.640,10.860,10.420,25930303,275898423.92,4.22,1.24,0.13,0.00,002296,10.51,不复权,正常交易,,,
2024-05-23,002296,10.580,10.000,10.600,9.990,32723800,327238000.00,6.11,-6.02,-0.64,0.00,002296,10.64,不复权,正常交易,,,
2024-05-24,002296,10.110,9.970,10.160,9.900,22888500,228198345.00,2.63,-0.30,-0.03,0.00,002296,10.00,不复权,正常交易,,,
2024-05-27,002296,9.910,10.140,10.180,9.750,20660663,209499122.82,4.41,1.71,0.17,0.00,002296,9.97,不复权,正常交易,,,
2024-05-28,002296,10.120,10.100,10.170,9.970,15983005,161428350.50,2.01,-0.39,-0.04,0.00,002296,10.14,不复权,正常交易,,,
2024-05-29,002296,10.090,10.140,10.180,9.980,13278863,134647670.82,2.00,0.40,0.04,0.00,002296,10.10,不复权,正常交易,,,
2024-05-30,002296,10.040,9.860,10.040,9.700,16808063,165727501.18,3.51,-2.76,-0.28,0.00,002296,10.14,不复权,正常交易,,,
2024-05-31,002296,9.810,10.120,10.280,9.780,21752600,220136312.00,5.11,2.64,0.26,0.00,002296,9.86,不复权,正常交易,,,
2024-06-03,002296,10.120,10.190,10.380,10.010,22541302,229695867.38,3.70,0.69,0.07,0.00,002296,10.12,不复权,正常交易,,,
2024-06-04,002296,10.190,10.260,10.320,9.980,22788017,233805054.42,3.41,0.69,0.07,0.00,002296,10.19,不复权,正常交易,,,
2024-06-05,002296,10.300,9.760,10.310,9.760,25226042,246206169.92,5.64,-4.87,-0.50,0.00,002296,10.26,不复权,正常交易,,,
2024-06-06,002296,9.820,9.350,9.860,9.190,30912395,289030893.25,7.29,-4.20,-0.41,0.00,002296,9.76,不复权,正常交易,,,
2024-06-07,002296,9.490,9.440,9.560,9.300,17325266,163550511.04,2.80,0.96,0.09,0.00,002296,9.35,不复权,正常交易,,,
2024-06-11,002296,9.360,9.810,9.850,9.120,23061400,226232334.00,8.00,3.92,0.37,0.00,002296,9.44,不复权,正常交易,,,
2024-06-12,002296,9.800,9.810,9.920,9.700,16352403,160417073.43,2.27,0.00,0.00,0.00,002296,9.81,不复权,正常交易,,,
2024-06-13,002296,9.860,9.610,9.890,9.520,14706200,141326582.00,3.89,-2.04,-0.20,0.00,002296,9.81,不复权,正常交易,,,
2024-06-14,002296,9.610,9.770,9.820,9.480,14491530,141582248.10,3.59,1.66,0.16,0.00,002296,9.61,不复权,正常交易,,,
2024-06-17,002296,9.800,9.730,9.990,9.680,16656593,162068649.89,3.20,-0.41,-0.04,0.00,002296,9.77,不复权,正常交易,,,
2024-06-18,002296,9.750,10.190,10.350,9.720,24253002,247138090.38,6.48,4.73,0.46,0.00,002296,9.73,不复权,正常交易,,,
2024-06-19,002296,10.290,10.450,11.030,10.280,45047411,470745444.95,7.30,2.55,0.26,0.00,002296,10.19,不复权,正常交易,,,
2024-06-20,002296,10.440,10.010,10.550,9.970,27974100,280020741.00,5.82,-4.21,-0.44,0.00,002296,10.45,不复权,正常交易,,,
2024-06-21,002296,10.000,9.950,10.220,9.850,19286500,191900675.00,3.76,-0.60,-0.06,0.00,002296,10.01,不复权,正常交易,,,
2024-06-24,002296,9.950,9.530,9.950,9.500,18668200,177907946.00,4.74,-4.22,-0.42,0.00,002296,9.95,不复权,正常交易,,,
2024-06-25,002296,9.550,9.500,9.790,9.390,15741600,149545200.00,4.26,-0.31,-0.03,0.00,002296,9.53,不复权,正常交易,,,
2024-06-26,002296,9.510,9.650,9.680,9.350,17997500,173675875.00,3.53,1.58,0.15,0.00,002296,9.50,不复权,正常交易,,,
2024-06-27,002296,9.600,9.370,9.650,9.360,13246500,124119705.00,3.10,-2.90,-0.28,0.00,002296,9.65,不复权,正常交易,,,
2024-06-28,002296,9.440,10.310,10.310,9.380,37931416,391072898.96,9.91,10.03,0.94,0.00,002296,9.37,不复权,正常交易,,,
2024-07-01,002296,10.410,9.970,10.490,9.710,51051316,508981620.52,8.03,-3.30,-0.34,0.00,002296,10.31,不复权,正常交易,,,
2024-07-02,002296,9.970,9.970,10.300,9.910,32937000,328381890.00,3.94,0.00,0.00,0.00,002296,9.97,不复权,正常交易,,,
2024-07-03,002296,9.970,9.610,10.010,9.570,27637500,265596375.00,4.60,-3.61,-0.36,0.00,002296,9.97,不复权,正常交易,,,
2024-07-04,002296,9.600,9.560,10.050,9.510,22840400,218354224.00,5.68,-0.52,-0.05,0.00,002296,9.61,不复权,正常交易,,,
2024-07-05,002296,9.570,9.660,9.800,9.220,23395090,225996569.40,6.29,1.05,0.10,0.00,002296,9.56,不复权,正常交易,,,
2024-07-08,002296,9.510,9.190,9.530,9.140,19696301,181009006.19,4.27,-4.87,-0.47,0.00,002296,9.66,不复权,正常交易,,,
2024-07-09,002296,9.160,9.720,9.760,9.010,27567531,267956401.32,8.32,5.77,0.53,0.00,002296,9.19,不复权,正常交易,,,
2024-07-10,002296,9.670,9.340,9.910,9.200,37679031,351922149.54,7.72,-3.91,-0.38,0.00,002296,9.72,不复权,正常交易,,,
2024-07-11,002296,8.800,8.900,9.140,8.570,60567203,539048106.70,6.65,-4.71,-0.44,0.00,002296,9.34,不复权,正常交易,,,
2024-07-12,002296,8.710,8.670,8.770,8.600,25900791,224559857.97,1.98,-2.58,-0.23,0.00,002296,8.90,不复权,正常交易,,,
2024-07-15,002296,8.630,8.510,8.640,8.370,20174590,171685760.90,3.23,-1.85,-0.16,0.00,002296,8.67,不复权,正常交易,,,
2024-07-16,002296,8.500,8.450,8.580,8.330,15319900,129453155.00,3.00,-0.71,-0.06,0.00,002296,8.51,不复权,正常交易,,,
2024-07-17,002296,8.500,8.240,8.510,8.220,14613600,120416064.00,3.53,-2.49,-0.21,0.00,002296,8.45,不复权,正常交易,,,
2024-07-18,002296,8.150,8.180,8.220,7.910,18290600,149617108.00,3.92,-0.73,-0.06,0.00,002296,8.24,不复权,正常交易,,,
2024-07-19,002296,8.160,8.460,8.540,8.040,20090300,169963938.00,6.22,3.42,0.28,0.00,002296,8.18,不复权,正常交易,,,
2024-07-22,002296,8.310,8.270,8.410,8.250,15780100,130501427.00,1.94,-2.25,-0.19,0.00,002296,8.46,不复权,正常交易,,,
2024-07-23,002296,8.310,8.210,8.480,8.210,15738500,129213085.00,3.29,-0.73,-0.06,0.00,002296,8.27,不复权,正常交易,,,
2024-07-24,002296,8.190,8.160,8.430,8.110,12935700,105555312.00,3.95,-0.61,-0.05,0.00,002296,8.21,不复权,正常交易,,,
2024-07-25,002296,8.090,8.170,8.330,7.960,13961072,114061958.24,4.65,0.12,0.01,0.00,002296,8.16,不复权,正常交易,,,
2024-07-26,002296,8.110,8.410,8.490,8.100,18031100,151641551.00,4.81,2.94,0.24,0.00,002296,8.17,不复权,正常交易,,,
2024-07-29,002296,8.410,8.400,8.450,8.270,12077000,101446800.00,2.18,-0.12,-0.01,0.00,002296,8.41,不复权,正常交易,,,
2024-07-30,002296,8.330,8.510,8.680,8.330,20851375,177445201.25,4.20,1.31,0.11,0.00,002296,8.40,不复权,正常交易,,,
2024-07-31,002296,8.560,8.660,8.670,8.350,31076100,269119026.00,3.83,1.76,0.15,0.00,002296,8.51,不复权,正常交易,,,
2024-08-01,002296,8.680,9.000,9.530,8.630,47569056,428121504.00,10.43,3.93,0.34,0.00,002296,8.66,不复权,正常交易,,,
2024-08-02,002296,8.860,8.690,8.970,8.680,23845100,207213919.00,3.34,-3.44,-0.31,0.00,002296,9.00,不复权,正常交易,,,
2024-08-05,002296,8.600,8.250,8.690,8.250,20794308,171553041.00,5.33,-5.06,-0.44,0.00,002296,8.69,不复权,正常交易,,,
2024-08-06,002296,8.350,8.330,8.430,8.150,14329108,119361469.64,3.44,0.97,0.08,0.00,002296,8.25,不复权,正常交易,,,
2024-08-07,002296,8.300,8.380,8.500,8.300,13194040,110566055.20,2.41,0.60,0.05,0.00,002296,8.33,不复权,正常交易,,,
2024-08-08,002296,8.340,8.210,8.380,8.120,11880300,97537263.00,3.20,-2.03,-0.17,0.00,002296,8.38,不复权,正常交易,,,
2024-08-09,002296,8.290,8.160,8.380,8.160,9010400,73524864.00,2.70,-0.61,-0.05,0.00,002296,8.21,不复权,正常交易,,,
2024-08-12,002296,8.100,8.050,8.190,8.010,8206300,66060715.00,2.25,-1.35,-0.11,0.00,002296,8.16,不复权,正常交易,,,
2024-08-13,002296,8.030,8.120,8.120,8.000,6685900,54289508.00,1.50,0.87,0.07,0.00,002296,8.05,不复权,正常交易,,,
2024-08-14,002296,8.150,8.070,8.170,8.060,6437101,51947405.07,1.36,-0.62,-0.05,0.00,002296,8.12,不复权,正常交易,,,
2024-08-15,002296,8.040,8.060,8.160,7.940,14705000,118522300.00,2.77,-0.12,-0.01,0.00,002296,8.07,不复权,正常交易,,,
2024-08-16,002296,8.060,7.950,8.110,7.950,10784805,85739199.75,2.01,-1.36,-0.11,0.00,002296,8.06,不复权,正常交易,,,
2024-08-19,002296,8.050,8.010,8.150,7.920,13358700,107003187.00,2.90,0.75,0.06,0.00,002296,7.95,不复权,正常交易,,,
2024-08-20,002296,7.950,7.640,7.980,7.590,18732142,143113564.88,5.14,-4.62,-0.37,0.00,002296,8.01,不复权,正常交易,,,
2024-08-21,002296,7.650,7.650,7.680,7.600,7575200,57950280.00,1.05,0.13,0.01,0.00,002296,7.64,不复权,正常交易,,,
2024-08-22,002296,7.630,7.630,7.670,7.500,11031700,84171871.00,2.27,-0.26,-0.02,0.00,002296,7.65,不复权,正常交易,,,
2024-08-23,002296,7.600,7.580,7.640,7.460,6380200,48361916.00,2.41,-0.66,-0.05,0.00,002296,7.63,不复权,正常交易,,,
2024-08-26,002296,7.590,7.690,7.710,7.500,7412500,57002125.00,2.80,1.45,0.11,0.00,002296,7.58,不复权,正常交易,,,
2024-08-27,002296,7.690,7.460,7.690,7.430,7820200,58338692.00,3.50,-2.99,-0.23,0.00,002296,7.69,不复权,正常交易,,,
2024-08-28,002296,7.420,7.490,7.550,7.420,4890508,36629904.92,1.75,0.40,0.03,0.00,002296,7.46,不复权,正常交易,,,
2024-08-29,002296,7.470,7.660,7.720,7.400,8427686,64556074.76,4.32,2.27,0.17,0.00,002296,7.49,不复权,正常交易,,,
2024-08-30,002296,7.660,7.800,7.950,7.620,13098010,102164478.00,4.33,1.83,0.14,0.00,002296,7.66,不复权,正常交易,,,
2024-09-02,002296,7.780,7.600,7.850,7.580,8597400,65340240.00,3.56,-2.56,-0.20,0.00,002296,7.80,不复权,正常交易,,,
2024-09-03,002296,7.600,7.660,7.710,7.580,5715928,43784008.48,1.72,0.79,0.06,0.00,002296,7.60,不复权,正常交易,,,
2024-09-04,002296,7.560,7.580,7.670,7.540,5413708,41035906.64,1.72,-1.04,-0.08,0.00,002296,7.66,不复权,正常交易,,,
2024-09-05,002296,7.600,7.610,7.690,7.550,5929700,45125017.00,1.85,0.40,0.03,0.00,002296,7.58,不复权,正常交易,,,
2024-09-06,002296,7.590,7.410,7.630,7.410,7317000,54218970.00,2.97,-2.63,-0.20,0.00,002296,7.61,不复权,正常交易,,,
2024-09-09,002296,7.350,7.370,7.410,7.260,5087400,37494138.00,2.07,-0.54,-0.04,0.00,002296,7.41,不复权,正常交易,,,
2024-09-10,002296,7.400,7.470,7.480,7.260,5757602,43009286.94,3.03,1.36,0.10,0.00,002296,7.37,不复权,正常交易,,,
2024-09-11,002296,7.440,7.390,7.460,7.370,3849100,28444849.00,1.22,-1.07,-0.08,0.00,002296,7.47,不复权,正常交易,,,
2024-09-12,002296,7.400,7.410,7.490,7.400,5308000,39332280.00,1.22,0.27,0.02,0.00,002296,7.39,不复权,正常交易,,,
2024-09-13,002296,7.410,7.260,7.440,7.250,4854700,35245122.00,2.62,-2.02,-0.15,0.00,002296,7.41,不复权,正常交易,,,
2024-09-18,002296,7.260,7.230,7.270,7.080,5294500,38279235.00,2.68,-0.41,-0.03,0.00,002296,7.26,不复权,正常交易,,,
2024-09-19,002296,7.280,7.430,7.440,7.230,6368186,47315621.98,2.90,2.77,0.20,0.00,002296,7.23,不复权,正常交易,,,
2024-09-20,002296,7.450,7.450,7.500,7.400,4484500,33409525.00,1.35,0.27,0.02,0.00,002296,7.43,不复权,正常交易,,,
2024-09-23,002296,7.420,7.560,7.640,7.420,8199802,61990503.12,2.96,1.48,0.11,0.00,002296,7.45,不复权,正常交易,,,
2024-09-24,002296,7.560,7.810,7.810,7.490,12113000,94602530.00,4.27,3.31,0.25,0.00,002296,7.56,不复权,正常交易,,,
2024-09-25,002296,7.850,7.900,8.110,7.850,15988514,126309260.60,3.31,1.15,0.09,0.00,002296,7.81,不复权,正常交易,,,
2024-09-26,002296,7.840,8.060,8.060,7.840,10448600,84215716.00,2.81,2.03,0.16,0.00,002296,7.90,不复权,正常交易,,,
2024-09-27,002296,8.130,8.520,8.600,8.120,21906131,186640236.12,5.91,5.71,0.46,0.00,002296,8.06,不复权,正常交易,,,
2024-09-30,002296,8.840,9.210,9.290,8.600,32238489,296916483.69,8.02,8.10,0.69,0.00,002296,8.52,不复权,正常交易,,,
2024-10-08,002296,10.130,9.820,10.130,9.170,39564511,388523498.02,10.47,6.62,0.61,0.00,002296,9.21,不复权,正常交易,,,
2024-10-09,002296,9.570,8.840,9.570,8.840,32168150,284366446.00,8.26,-9.98,-0.98,0.00,002296,9.82,不复权,正常交易,,,
2024-10-10,002296,8.890,8.780,9.070,8.660,19222407,168772733.46,4.73,-0.68,-0.06,0.00,002296,8.84,不复权,正常交易,,,
2024-10-11,002296,8.770,8.350,8.770,8.260,16979100,141775485.00,6.17,-4.90,-0.43,0.00,002296,8.78,不复权,正常交易,,,
2024-10-14,002296,8.370,8.680,8.690,8.340,14337482,124449343.76,4.20,3.95,0.33,0.00,002296,8.35,不复权,正常交易,,,
2024-10-15,002296,8.670,8.570,8.830,8.490,13010382,111498973.74,4.00,-1.27,-0.11,0.00,002296,8.68,不复权,正常交易,,,
2024-10-16,002296,8.490,8.600,8.640,8.370,10214000,87840400.00,3.23,0.35,0.03,0.00,002296,8.57,不复权,正常交易,,,
2024-10-17,002296,8.640,8.660,8.860,8.620,13509600,116993136.00,2.78,0.70,0.06,0.00,002296,8.60,不复权,正常交易,,,
2024-10-18,002296,8.650,8.870,9.010,8.630,19323850,171402549.50,4.40,2.42,0.21,0.00,002296,8.66,不复权,正常交易,,,
2024-10-21,002296,8.940,9.060,9.190,8.930,20716450,187691037.00,2.91,2.14,0.19,0.00,002296,8.87,不复权,正常交易,,,
2024-10-22,002296,9.070,9.090,9.170,8.940,15631270,142088244.30,2.57,0.33,0.03,0.00,002296,9.06,不复权,正常交易,,,
2024-10-23,002296,9.160,9.050,9.240,9.000,16490000,149234500.00,2.67,-0.44,-0.04,0.00,002296,9.09,不复权,正常交易,,,
2024-10-24,002296,8.980,9.020,9.060,8.910,9651200,87053824.00,1.68,-0.33,-0.03,0.00,002296,9.05,不复权,正常交易,,,
2024-10-25,002296,9.010,9.060,9.110,8.980,12057200,109238232.00,1.45,0.44,0.04,0.00,002296,9.02,不复权,正常交易,,,
2024-10-28,002296,9.050,9.240,9.240,9.010,16497790,152439579.60,2.55,1.99,0.18,0.00,002296,9.06,不复权,正常交易,,,
2024-10-29,002296,9.260,9.050,9.290,8.980,15701150,142095407.50,3.45,-2.06,-0.19,0.00,002296,9.24,不复权,正常交易,,,
2024-10-30,002296,8.920,8.930,9.070,8.730,18522725,165407934.25,3.89,-1.33,-0.12,0.00,002296,9.05,不复权,正常交易,,,
2024-10-31,002296,8.920,8.830,8.960,8.770,21303225,188107476.75,2.17,-1.12,-0.10,0.00,002296,8.93,不复权,正常交易,,,
2024-11-01,002296,8.800,8.360,8.810,8.340,26232300,219302028.00,5.64,-5.32,-0.47,0.00,002296,8.83,不复权,正常交易,,,
2024-11-04,002296,8.360,8.620,8.620,8.360,15263400,131570508.00,3.11,3.11,0.26,0.00,002296,8.36,不复权,正常交易,,,
2024-11-05,002296,8.600,8.830,8.840,8.560,17404900,153685267.00,3.27,2.44,0.21,0.00,002296,8.62,不复权,正常交易,,,
2024-11-06,002296,8.850,8.890,8.960,8.780,18715670,166382306.30,2.05,0.68,0.06,0.00,002296,8.83,不复权,正常交易,,,
2024-11-07,002296,8.850,9.220,9.240,8.800,23703144,218542987.68,5.00,3.71,0.33,0.00,002296,8.89,不复权,正常交易,,,
2024-11-08,002296,9.290,9.180,9.390,9.130,25085100,230281218.00,2.85,-0.43,-0.04,0.00,002296,9.22,不复权,正常交易,,,
2024-11-11,002296,9.160,9.380,9.400,9.130,21607012,202673772.56,2.96,2.18,0.20,0.00,002296,9.18,不复权,正常交易,,,
2024-11-12,002296,9.410,9.270,9.540,9.180,23374328,216680020.56,3.92,-1.17,-0.11,0.00,002296,9.38,不复权,正常交易,,,
2024-11-13,002296,9.230,9.330,9.330,9.080,15619578,145730662.74,2.75,0.65,0.06,0.00,002296,9.27,不复权,正常交易,,,
2024-11-14,002296,9.330,9.040,9.390,9.020,13640900,123313736.00,4.10,-3.11,-0.29,0.00,002296,9.33,不复权,正常交易,,,
2024-11-15,002296,9.040,8.820,9.160,8.800,15073000,132943860.00,4.09,-2.43,-0.22,0.00,002296,9.04,不复权,正常交易,,,
2024-11-18,002296,8.880,8.640,8.940,8.550,13686300,118249632.00,4.56,-2.04,-0.18,0.00,002296,8.82,不复权,正常交易,,,
2024-11-19,002296,8.700,8.900,8.900,8.630,11657621,103752826.90,3.13,3.01,0.26,0.00,002296,8.64,不复权,正常交易,,,
2024-11-20,002296,8.880,9.790,9.790,8.850,57513958,563061648.82,10.62,10.00,0.89,0.00,002296,8.90,不复权,正常交易,,,
2024-11-21,002296,9.890,10.030,10.460,9.610,86710957,869710898.71,8.84,2.45,0.24,0.00,002296,9.79,不复权,正常交易,,,
2024-11-22,002296,9.980,9.620,10.320,9.600,64416225,619684084.50,7.50,-4.09,-0.41,0.00,002296,10.03,不复权,正常交易,,,
2024-11-25,002296,9.800,9.630,9.880,9.350,37834070,364342094.10,5.67,0.10,0.01,0.00,002296,9.62,不复权,正常交易,,,
2024-11-26,002296,9.560,10.090,10.550,9.560,67102728,677066525.52,10.36,4.78,0.46,0.00,002296,9.63,不复权,正常交易,,,
2024-11-27,002296,9.860,11.100,11.100,9.600,69082387,766814495.70,15.63,10.01,1.01,0.00,002296,10.09,不复权,正常交易,,,
2024-11-28,002296,11.210,10.650,11.380,10.520,72303914,770036684.10,8.17,-4.05,-0.45,0.00,002296,11.10,不复权,正常交易,,,
2024-11-29,002296,10.570,10.480,10.760,10.380,45974326,481810936.48,3.66,-1.60,-0.17,0.00,002296,10.65,不复权,正常交易,,,
2024-12-02,002296,10.570,10.620,10.770,10.490,37641091,399748386.42,2.67,1.34,0.14,0.00,002296,10.48,不复权,正常交易,,,
2024-12-03,002296,10.520,11.020,11.350,10.250,59676439,657634357.78,10.73,3.77,0.40,0.00,002296,10.62,不复权,正常交易,,,
2024-12-04,002296,10.830,10.220,10.850,10.190,42683909,436229549.98,6.48,-7.26,-0.80,0.00,002296,11.02,不复权,正常交易,,,
2024-12-05,002296,10.180,11.240,11.240,10.180,77761623,874040642.52,10.41,9.98,1.02,0.00,002296,10.22,不复权,正常交易,,,
2024-12-06,002296,11.000,11.260,11.780,10.920,95573827,1076161292.02,7.88,0.18,0.02,0.00,002296,11.24,不复权,正常交易,,,
2024-12-09,002296,11.330,11.490,12.200,11.300,73585582,845498337.18,7.96,2.04,0.23,0.00,002296,11.26,不复权,正常交易,,,
2024-12-10,002296,11.570,11.230,11.790,11.180,54969006,617301937.38,5.46,-2.26,-0.26,0.00,002296,11.49,不复权,正常交易,,,
2024-12-11,002296,11.200,11.490,11.650,11.100,37908139,435564517.11,4.95,2.32,0.26,0.00,002296,11.23,不复权,正常交易,,,
2024-12-12,002296,11.500,11.660,11.900,11.330,40157963,468241848.58,5.03,1.48,0.17,0.00,002296,11.49,不复权,正常交易,,,
2024-12-13,002296,11.490,11.100,11.490,11.060,32316099,358708698.90,3.89,-4.80,-0.56,0.00,002296,11.66,不复权,正常交易,,,
2024-12-16,002296,11.120,10.720,11.200,10.580,33285947,356825351.84,5.86,-3.42,-0.38,0.00,002296,11.10,不复权,正常交易,,,
2024-12-17,002296,10.650,10.060,10.690,10.000,33028500,332266710.00,6.90,-6.16,-0.66,0.00,002296,10.72,不复权,正常交易,,,
2024-12-18,002296,10.060,10.150,10.370,9.850,21163402,214808530.30,5.28,0.89,0.09,0.00,002296,10.06,不复权,正常交易,,,
2024-12-19,002296,10.000,10.270,10.320,10.000,20260040,208070610.80,3.20,1.18,0.12,0.00,002296,10.15,不复权,正常交易,,,
2024-12-20,002296,10.290,10.400,10.480,10.150,23394900,243306960.00,3.25,1.27,0.13,0.00,002296,10.27,不复权,正常交易,,,
2024-12-23,002296,10.350,9.780,10.440,9.750,26092800,255187584.00,7.08,-5.96,-0.62,0.00,002296,10.40,不复权,正常交易,,,
2024-12-24,002296,9.830,10.070,10.150,9.830,20891100,210373377.00,3.26,2.97,0.29,0.00,002296,9.78,不复权,正常交易,,,
2024-12-25,002296,10.090,9.810,10.170,9.610,18870056,185115249.36,5.83,-2.58,-0.26,0.00,002296,10.07,不复权,正常交易,,,
2024-12-26,002296,9.810,9.940,10.030,9.790,15019290,149291742.60,2.45,1.33,0.13,0.00,002296,9.81,不复权,正常交易,,,
2024-12-27,002296,9.970,10.480,10.850,9.900,38875762,407417985.76,9.60,5.43,0.54,0.00,002296,9.94,不复权,正常交易,,,
2024-12-30,002296,10.500,10.290,10.600,10.210,20778600,213811794.00,3.82,-1.81,-0.19,0.00,002296,10.48,不复权,正常交易,,,
2024-12-31,002296,10.340,9.810,10.400,9.800,20255243,198703933.83,6.12,-4.66,-0.48,0.00,002296,10.29,不复权,正常交易,,,
2025-01-02,002296,9.750,9.470,9.900,9.370,18139600,171782012.00,5.66,-3.47,-0.34,0.00,002296,9.81,不复权,正常交易,,,
2025-01-03,002296,9.550,8.880,9.590,8.860,20253600,179851968.00,8.24,-6.23,-0.59,0.00,002296,9.47,不复权,正常交易,,,
2025-01-06,002296,8.920,8.830,9.050,8.680,13174700,116332601.00,4.26,-0.56,-0.05,0.00,002296,8.88,不复权,正常交易,,,
2025-01-07,002296,8.880,9.120,9.120,8.830,15155225,138215652.00,3.28,3.28,0.29,0.00,002296,8.83,不复权,正常交易,,,
2025-01-08,002296,9.080,8.990,9.090,8.700,18240500,163982095.00,4.48,-1.43,-0.13,0.00,002296,9.12,不复权,正常交易,,,
2025-01-09,002296,8.920,9.050,9.100,8.890,15168715,137276870.75,2.36,0.67,0.06,0.00,002296,8.99,不复权,正常交易,,,
2025-01-10,002296,9.050,8.960,9.400,8.920,20186005,180866604.80,5.38,-0.99,-0.09,0.00,002296,9.05,不复权,正常交易,,,
2025-01-13,002296,8.800,8.920,8.980,8.570,11196478,99872583.76,4.78,-0.45,-0.04,0.00,002296,8.96,不复权,正常交易,,,
2025-01-14,002296,8.930,9.420,9.470,8.930,22607837,212965824.54,6.05,5.61,0.50,0.00,002296,8.92,不复权,正常交易,,,
2025-01-15,002296,9.390,9.250,9.480,9.220,14599200,135042600.00,2.82,-1.80,-0.17,0.00,002296,9.42,不复权,正常交易,,,
2025-01-16,002296,9.350,9.290,9.450,9.150,15212000,141319480.00,3.28,0.43,0.04,0.00,002296,9.25,不复权,正常交易,,,
2025-01-17,002296,9.230,9.340,9.400,9.170,12103600,113047624.00,2.51,0.54,0.05,0.00,002296,9.29,不复权,正常交易,,,
2025-01-20,002296,9.430,9.400,9.470,9.330,11710000,110074000.00,1.50,0.64,0.06,0.00,002296,9.34,不复权,正常交易,,,
2025-01-21,002296,10.340,10.340,10.340,10.340,7685600,79469104.00,0.00,10.00,0.94,0.00,002296,9.40,不复权,正常交易,,,
2025-01-22,002296,10.690,10.770,11.270,10.560,81129832,873768290.64,6.72,4.16,0.43,0.00,002296,10.34,不复权,正常交易,,,
2025-01-23,002296,10.800,10.370,10.850,10.310,53552715,555341654.55,5.24,-3.71,-0.40,0.00,002296,10.77,不复权,正常交易,,,
2025-01-24,002296,10.330,10.510,10.660,10.330,30372000,319209720.00,3.19,1.35,0.14,0.00,002296,10.37,不复权,正常交易,,,
2025-01-27,002296,10.580,10.480,10.720,10.480,26363493,276289406.64,2.29,-0.29,-0.03,0.00,002296,10.51,不复权,正常交易,,,
2025-02-05,002296,10.700,10.590,10.730,10.410,23507200,248941248.00,3.07,1.05,0.11,0.00,002296,10.48,不复权,正常交易,,,
2025-02-06,002296,10.540,10.750,10.750,10.470,26755500,287621625.00,2.67,1.51,0.16,0.00,002296,10.59,不复权,正常交易,,,
2025-02-07,002296,10.760,10.850,11.020,10.680,34746200,376996270.00,3.18,0.93,0.10,0.00,002296,10.75,不复权,正常交易,,,
2025-02-10,002296,10.860,10.940,11.010,10.810,22983170,251435879.80,1.85,0.83,0.09,0.00,002296,10.85,不复权,正常交易,,,
2025-02-11,002296,10.940,11.280,11.380,10.800,40142928,452812227.84,5.37,3.11,0.34,0.00,002296,10.94,不复权,正常交易,,,
2025-02-12,002296,11.150,11.220,11.230,11.060,25435819,285389889.18,1.54,-0.53,-0.06,0.00,002296,11.28,不复权,正常交易,,,
2025-02-13,002296,11.170,10.860,11.200,10.850,25194070,273607600.20,3.23,-3.21,-0.36,0.00,002296,11.22,不复权,正常交易,,,
2025-02-14,002296,10.820,10.870,10.950,10.790,17205728,187026263.36,1.48,0.09,0.01,0.00,002296,10.86,不复权,正常交易,,,
2025-02-17,002296,10.880,10.920,10.970,10.790,19136401,208969498.92,1.67,0.46,0.05,0.00,002296,10.87,不复权,正常交易,,,
2025-02-18,002296,10.900,10.580,10.920,10.510,19236600,203523228.00,3.90,-3.11,-0.34,0.00,002296,10.92,不复权,正常交易,,,
2025-02-19,002296,10.570,11.020,11.100,10.570,24532600,270349252.00,5.01,4.16,0.44,0.00,002296,10.58,不复权,正常交易,,,
2025-02-20,002296,11.020,11.130,11.140,10.950,19248419,214234903.47,1.74,1.00,0.11,0.00,002296,11.02,不复权,正常交易,,,
2025-02-21,002296,11.120,11.280,11.370,11.050,26538883,299358600.24,2.90,1.35,0.15,0.00,002296,11.13,不复权,正常交易,,,
2025-02-24,002296,11.410,11.520,11.630,11.250,32042033,369124220.16,3.38,2.13,0.24,0.00,002296,11.28,不复权,正常交易,,,
2025-02-25,002296,11.360,11.290,11.530,11.220,23455053,264807548.37,2.76,-2.00,-0.23,0.00,002296,11.52,不复权,正常交易,,,
2025-02-26,002296,11.300,11.360,11.430,11.220,18968507,215482239.52,1.87,0.62,0.07,0.00,002296,11.29,不复权,正常交易,,,
2025-02-27,002296,11.330,11.220,11.450,11.000,20191346,226546902.12,4.09,-1.23,-0.14,0.00,002296,11.36,不复权,正常交易,,,
2025-02-28,002296,11.150,10.700,11.170,10.680,18171500,194435050.00,4.59,-4.63,-0.52,0.00,002296,11.22,不复权,正常交易,,,
2025-03-03,002296,10.790,10.890,11.110,10.760,18719982,203860603.98,3.25,1.78,0.19,0.00,002296,10.70,不复权,正常交易,,,
2025-03-04,002296,10.840,11.300,11.350,10.780,21791424,246243091.20,5.29,3.76,0.41,0.00,002296,10.89,不复权,正常交易,,,
2025-03-05,002296,11.290,11.350,11.400,11.160,14939066,169558399.10,2.15,0.44,0.05,0.00,002296,11.30,不复权,正常交易,,,
2025-03-06,002296,11.360,11.370,11.500,11.310,19470778,221382745.86,1.68,0.18,0.02,0.00,002296,11.35,不复权,正常交易,,,
2025-03-07,002296,11.330,11.420,11.550,11.310,18002000,205582840.00,2.12,0.44,0.05,0.00,002296,11.37,不复权,正常交易,,,
2025-03-10,002296,11.450,11.720,11.930,11.270,35734097,418803616.84,5.86,2.63,0.30,0.00,002296,11.42,不复权,正常交易,,,
2025-03-11,002296,11.520,11.560,11.650,11.410,20531802,237347631.12,2.10,-1.37,-0.16,0.00,002296,11.72,不复权,正常交易,,,
2025-03-12,002296,11.570,11.710,11.800,11.510,21780668,255051622.28,2.52,1.30,0.15,0.00,002296,11.56,不复权,正常交易,,,
2025-03-13,002296,11.680,11.530,11.700,11.320,17805223,205294221.19,3.36,-1.54,-0.18,0.00,002296,11.71,不复权,正常交易,,,
2025-03-14,002296,11.470,12.210,12.680,11.440,56632406,691481677.26,10.84,5.90,0.68,0.00,002296,11.53,不复权,正常交易,,,
2025-03-17,002296,12.330,12.140,12.420,12.060,31398662,381179756.68,2.99,-0.57,-0.07,0.00,002296,12.21,不复权,正常交易,,,
2025-03-18,002296,12.140,12.310,12.450,12.070,28147005,346489631.55,3.15,1.40,0.17,0.00,002296,12.14,不复权,正常交易,,,
2025-03-19,002296,12.290,12.310,12.420,12.180,21455000,264111050.00,1.97,0.00,0.00,0.00,002296,12.31,不复权,正常交易,,,
2025-03-20,002296,12.400,12.710,13.000,12.390,45969924,584277734.04,4.92,3.25,0.40,0.00,002296,12.31,不复权,正常交易,,,
2025-03-21,002296,12.610,12.090,12.780,12.080,34920609,422190162.81,5.79,-4.88,-0.62,0.00,002296,12.71,不复权,正常交易,,,
2025-03-24,002296,12.190,11.750,12.230,11.460,29767016,349762438.00,6.72,-2.81,-0.34,0.00,002296,12.09,不复权,正常交易,,,
2025-03-25,002296,11.670,11.520,11.880,11.470,18355916,211460152.32,3.57,-1.96,-0.23,0.00,002296,11.75,不复权,正常交易,,,
2025-03-26,002296,11.590,11.630,11.970,11.540,16783500,195192105.00,3.73,0.95,0.11,0.00,002296,11.52,不复权,正常交易,,,
2025-03-27,002296,11.570,11.300,11.580,11.130,20241800,228732340.00,4.04,-2.84,-0.33,0.00,002296,11.63,不复权,正常交易,,,
2025-03-28,002296,11.300,11.120,11.430,11.100,15119100,168124392.00,2.97,-1.59,-0.18,0.00,002296,11.30,不复权,正常交易,,,
2025-03-31,002296,11.140,11.160,11.220,10.780,16562100,184833036.00,4.08,0.36,0.04,0.00,002296,11.12,不复权,正常交易,,,
2025-04-01,002296,11.190,11.040,11.350,10.980,13706500,151319760.00,3.37,-1.08,-0.12,0.00,002296,11.16,不复权,正常交易,,,
2025-04-02,002296,11.000,11.230,11.250,10.960,11344600,127399858.00,2.65,1.72,0.19,0.00,002296,11.04,不复权,正常交易,,,
2025-04-03,002296,11.060,11.160,11.390,11.050,14434700,161091252.00,3.08,-0.62,-0.07,0.00,002296,11.23,不复权,正常交易,,,
2025-04-07,002296,10.420,10.040,10.500,10.040,15644100,157066764.00,4.58,-10.04,-1.12,0.00,002296,11.16,不复权,正常交易,,,
2025-04-08,002296,9.880,9.760,10.080,9.520,26778543,261358579.68,5.88,-2.79,-0.28,0.00,002296,10.04,不复权,正常交易,,,
2025-04-09,002296,9.500,9.920,9.950,8.800,23708312,235186455.04,13.07,1.64,0.16,0.00,002296,9.76,不复权,正常交易,,,
2025-04-10,002296,10.130,10.070,10.370,10.030,21630200,217816114.00,3.39,1.51,0.15,0.00,002296,9.92,不复权,正常交易,,,
2025-04-11,002296,9.960,10.140,10.290,9.880,12929700,131107158.00,4.15,0.70,0.07,0.00,002296,10.07,不复权,正常交易,,,
2025-04-14,002296,10.310,10.380,10.590,10.270,14138700,146759706.00,3.12,2.37,0.24,0.00,002296,10.14,不复权,正常交易,,,
2025-04-15,002296,10.320,10.290,10.420,10.230,9416300,96893727.00,1.86,-0.87,-0.09,0.00,002296,10.38,不复权,正常交易,,,
2025-04-16,002296,10.250,10.120,10.270,9.930,10756150,108852238.00,3.42,-1.65,-0.17,0.00,002296,10.29,不复权,正常交易,,,
2025-04-17,002296,10.030,10.050,10.280,10.030,11917400,119769870.00,2.49,-0.69,-0.07,0.00,002296,10.12,不复权,正常交易,,,
2025-04-18,002296,10.030,10.320,10.360,10.030,12872900,132848328.00,3.29,2.69,0.27,0.00,002296,10.05,不复权,正常交易,,,
2025-04-21,002296,10.280,10.460,10.500,10.250,12215454,127773648.84,2.44,1.36,0.14,0.00,002296,10.32,不复权,正常交易,,,
2025-04-22,002296,10.380,10.390,10.450,10.290,9748000,101281720.00,1.55,-0.67,-0.07,0.00,002296,10.46,不复权,正常交易,,,
2025-04-23,002296,10.460,10.730,10.770,10.430,15946670,171107769.10,3.26,3.27,0.34,0.00,002296,10.39,不复权,正常交易,,,
2025-04-24,002296,10.730,10.510,10.730,10.400,13179400,138515494.00,3.17,-2.05,-0.22,0.00,002296,10.73,不复权,正常交易,,,
2025-04-25,002296,10.900,10.960,11.180,10.800,32393870,355036815.20,3.52,4.28,0.45,0.00,002296,10.51,不复权,正常交易,,,
2025-04-28,002296,10.940,10.630,10.980,10.600,17955781,190869952.03,3.58,-3.01,-0.33,0.00,002296,10.96,不复权,正常交易,,,
2025-04-29,002296,10.600,10.830,11.110,10.600,18533775,200720783.25,4.81,1.88,0.20,0.00,002296,10.63,不复权,正常交易,,,
2025-04-30,002296,10.900,10.930,11.040,10.780,13818075,151031559.75,2.41,0.92,0.10,0.00,002296,10.83,不复权,正常交易,,,
2025-05-06,002296,11.070,11.200,11.210,11.000,16812300,188297760.00,1.91,2.47,0.27,0.00,002296,10.93,不复权,正常交易,,,
2025-05-07,002296,11.280,11.280,11.440,11.160,20694600,233435088.00,2.51,0.71,0.08,0.00,002296,11.20,不复权,正常交易,,,
2025-05-08,002296,11.280,11.520,11.600,11.260,19819430,228319833.60,3.02,2.13,0.24,0.00,002296,11.28,不复权,正常交易,,,
2025-05-09,002296,11.520,11.450,11.710,11.300,16941056,193975091.20,3.63,-0.61,-0.07,0.00,002296,11.52,不复权,正常交易,,,
2025-05-12,002296,11.530,11.460,11.640,11.400,15354507,175962650.22,2.11,0.09,0.01,0.00,002296,11.45,不复权,正常交易,,,
2025-05-13,002296,11.560,11.310,11.580,11.280,13949000,157763190.00,2.66,-1.31,-0.15,0.00,002296,11.46,不复权,正常交易,,,
2025-05-14,002296,11.320,11.260,11.380,11.160,14858900,167311214.00,1.97,-0.44,-0.05,0.00,002296,11.31,不复权,正常交易,,,
2025-05-15,002296,11.250,11.110,11.300,11.070,9957702,110630069.22,2.08,-1.33,-0.15,0.00,002296,11.26,不复权,正常交易,,,
2025-05-16,002296,11.080,11.100,11.240,11.080,9585484,106398872.40,1.44,-0.09,-0.01,0.00,002296,11.11,不复权,正常交易,,,
2025-05-19,002296,11.080,11.100,11.110,10.950,8019600,89017560.00,1.46,0.00,0.00,0.00,002296,11.10,不复权,正常交易,,,
2025-05-20,002296,11.100,11.240,11.270,10.960,12609204,141727452.96,2.83,1.26,0.14,0.00,002296,11.10,不复权,正常交易,,,
2025-05-21,002296,11.220,11.090,11.220,11.010,11353000,125904770.00,1.91,-1.33,-0.15,0.00,002296,11.24,不复权,正常交易,,,
2025-05-22,002296,11.080,10.920,11.180,10.900,13098800,143038896.00,2.57,-1.53,-0.17,0.00,002296,11.09,不复权,正常交易,,,
2025-05-23,002296,10.930,10.750,11.020,10.740,12154500,130660875.00,2.61,-1.56,-0.17,0.00,002296,10.92,不复权,正常交易,,,
2025-05-26,002296,10.740,10.890,10.950,10.720,10221002,111306711.78,2.15,1.30,0.14,0.00,002296,10.75,不复权,正常交易,,,
2025-05-27,002296,10.710,10.660,10.750,10.600,10243700,109197842.00,1.42,-2.11,-0.23,0.00,002296,10.89,不复权,正常交易,,,
2025-05-28,002296,10.690,10.620,10.790,10.580,7250500,77000310.00,1.98,-0.38,-0.04,0.00,002296,10.66,不复权,正常交易,,,
2025-05-29,002296,10.640,11.000,11.100,10.640,17702900,194731900.00,4.32,3.58,0.38,0.00,002296,10.62,不复权,正常交易,,,
2025-05-30,002296,10.930,10.760,11.000,10.690,12772100,137427796.00,2.90,-2.18,-0.24,0.00,002296,11.00,不复权,正常交易,,,
2025-06-03,002296,10.650,10.710,10.790,10.650,9880900,105824439.00,1.31,-0.46,-0.05,0.00,002296,10.76,不复权,正常交易,,,
2025-06-04,002296,10.720,10.890,10.990,10.720,10402400,113282136.00,2.52,1.68,0.18,0.00,002296,10.71,不复权,正常交易,,,
2025-06-05,002296,10.840,11.030,11.040,10.810,11139000,122863170.00,2.13,1.29,0.14,0.00,002296,10.89,不复权,正常交易,,,
2025-06-06,002296,11.010,11.020,11.040,10.930,8598000,94749960.00,1.01,-0.09,-0.01,0.00,002296,11.03,不复权,正常交易,,,
2025-06-09,002296,10.990,11.030,11.090,10.930,10377240,114460957.20,1.46,0.09,0.01,0.00,002296,11.02,不复权,正常交易,,,
2025-06-10,002296,11.010,10.900,11.030,10.750,11810800,128737720.00,2.60,-1.18,-0.13,0.00,002296,11.03,不复权,正常交易,,,
2025-06-11,002296,10.900,11.030,11.100,10.880,10414500,114871935.00,2.02,1.19,0.13,0.00,002296,10.90,不复权,正常交易,,,
2025-06-12,002296,10.980,11.060,11.140,10.970,9987200,110458432.00,1.55,0.27,0.03,0.00,002296,11.03,不复权,正常交易,,,
2025-06-13,002296,10.990,10.850,11.050,10.790,11601900,125880615.00,2.41,-1.90,-0.21,0.00,002296,11.06,不复权,正常交易,,,
2025-06-16,002296,10.780,10.990,11.010,10.750,10440500,114741095.00,2.42,1.29,0.14,0.00,002296,10.85,不复权,正常交易,,,
2025-06-17,002296,10.990,10.910,11.030,10.840,7701975,84028547.25,1.75,-0.73,-0.08,0.00,002296,10.99,不复权,正常交易,,,
2025-06-18,002296,10.890,10.900,10.930,10.770,7304500,79619050.00,1.49,-0.09,-0.01,0.00,002296,10.91,不复权,正常交易,,,
2025-06-19,002296,10.870,10.500,10.960,10.480,13083600,137377800.00,4.58,-3.67,-0.40,0.00,002296,10.90,不复权,正常交易,,,
2025-06-20,002296,10.500,10.390,10.620,10.340,8388800,87159632.00,2.71,-1.05,-0.11,0.00,002296,10.50,不复权,正常交易,,,
2025-06-23,002296,10.320,10.530,10.570,10.220,7797914,82112034.42,3.42,1.35,0.14,0.00,002296,10.39,不复权,正常交易,,,
2025-06-24,002296,10.540,10.830,10.840,10.540,9800300,106137249.00,2.85,2.85,0.30,0.00,002296,10.53,不复权,正常交易,,,
2025-06-25,002296,10.850,10.920,10.920,10.790,9757600,106552992.00,1.20,0.83,0.09,0.00,002296,10.83,不复权,正常交易,,,
2025-06-26,002296,10.920,10.860,10.960,10.810,8620574,93619433.64,1.39,-0.55,-0.06,0.00,002296,10.92,不复权,正常交易,,,
2025-06-27,002296,10.850,11.010,11.160,10.820,14692800,161767728.00,3.14,1.38,0.15,0.00,002296,10.86,不复权,正常交易,,,
2025-06-30,002296,11.040,11.150,11.190,11.000,15261412,170164743.80,1.73,1.27,0.14,0.00,002296,11.01,不复权,正常交易,,,
2025-07-01,002296,11.140,11.120,11.160,11.000,9526100,105930232.00,1.45,-0.27,-0.03,0.00,002296,11.15,不复权,正常交易,,,
2025-07-02,002296,11.150,11.030,11.150,10.940,8891300,98071039.00,1.92,-0.81,-0.09,0.00,002296,11.12,不复权,正常交易,,,
2025-07-03,002296,11.040,11.220,11.300,11.030,15371300,172465986.00,2.45,1.72,0.19,0.00,002296,11.03,不复权,正常交易,,,
2025-07-04,002296,11.200,11.140,11.240,11.110,10522100,117216194.00,1.17,-0.71,-0.08,0.00,002296,11.22,不复权,正常交易,,,
2025-07-07,002296,11.120,11.170,11.180,11.060,7952300,88827191.00,1.08,0.27,0.03,0.00,002296,11.14,不复权,正常交易,,,
2025-07-08,002296,11.150,11.320,11.330,11.110,12094000,136904080.00,1.98,1.34,0.15,0.00,002296,11.17,不复权,正常交易,,,
2025-07-09,002296,11.320,11.320,11.500,11.260,14389714,162891562.48,2.13,0.00,0.00,0.00,002296,11.32,不复权,正常交易,,,
2025-07-10,002296,11.330,11.420,11.480,11.260,10861792,124041664.64,1.95,0.88,0.10,0.00,002296,11.32,不复权,正常交易,,,
2025-07-11,002296,11.450,11.390,11.480,11.340,10019600,114123244.00,1.23,-0.26,-0.03,0.00,002296,11.42,不复权,正常交易,,,
2025-07-14,002296,11.370,11.520,11.560,11.330,9690026,111629099.52,2.03,1.14,0.13,0.00,002296,11.39,不复权,正常交易,,,
2025-07-15,002296,11.510,11.500,11.630,11.320,11003733,126542929.50,2.74,-0.17,-0.02,0.00,002296,11.52,不复权,正常交易,,,
2025-07-16,002296,11.520,11.460,11.560,11.400,7610202,87212914.92,1.40,-0.35,-0.04,0.00,002296,11.50,不复权,正常交易,,,
2025-07-17,002296,11.430,11.440,11.480,11.400,8384600,95919824.00,0.70,-0.17,-0.02,0.00,002296,11.46,不复权,正常交易,,,
2025-07-18,002296,11.460,11.370,11.500,11.320,10293700,117039369.00,1.59,-0.61,-0.07,0.00,002296,11.44,不复权,正常交易,,,
2025-07-21,002296,11.370,11.480,11.500,11.340,10869100,124777268.00,1.41,0.97,0.11,0.00,002296,11.37,不复权,正常交易,,,
2025-07-22,002296,11.500,11.430,11.560,11.390,10331852,118093068.36,1.49,-0.44,-0.05,0.00,002296,11.48,不复权,正常交易,,,
2025-07-23,002296,11.460,11.320,11.480,11.280,12255100,138727732.00,1.77,-0.96,-0.11,0.00,002296,11.43,不复权,正常交易,,,
2025-07-24,002296,11.310,11.380,11.400,11.270,10804800,122958624.00,1.15,0.53,0.06,0.00,002296,11.32,不复权,正常交易,,,
2025-07-25,002296,11.340,11.700,11.970,11.340,28694202,335722163.40,5.56,2.81,0.32,0.00,002296,11.38,不复权,正常交易,,,
2025-07-28,002296,11.710,11.790,11.890,11.630,23055700,271826703.00,2.24,0.77,0.09,0.00,002296,11.70,不复权,正常交易,,,
2025-07-29,002296,11.770,11.670,11.800,11.560,13943354,162718941.18,2.08,-1.02,-0.12,0.00,002296,11.79,不复权,正常交易,,,
2025-07-30,002296,11.600,11.300,11.600,11.180,33021902,373147492.60,3.76,-3.17,-0.37,0.00,002296,11.67,不复权,正常交易,,,
2025-07-31,002296,11.300,11.160,11.460,11.120,18131893,202351925.88,3.06,-1.24,-0.14,0.00,002296,11.30,不复权,正常交易,,,
2025-08-01,002296,11.150,11.320,11.400,11.100,15989500,181001140.00,2.70,1.43,0.16,0.00,002296,11.16,不复权,正常交易,,,
2025-08-04,002296,11.270,11.390,11.450,11.220,12814905,145961767.95,2.05,0.62,0.07,0.00,002296,11.32,不复权,正常交易,,,
2025-08-05,002296,11.430,11.530,11.550,11.410,12342605,142310235.65,1.23,1.23,0.14,0.00,002296,11.39,不复权,正常交易,,,
2025-08-06,002296,11.490,11.630,11.660,11.480,9845100,114498513.00,1.57,0.87,0.10,0.00,002296,11.53,不复权,正常交易,,,
2025-08-07,002296,11.620,11.540,11.680,11.470,11316802,130595895.08,1.83,-0.77,-0.09,0.00,002296,11.63,不复权,正常交易,,,
2025-08-08,002296,11.540,11.590,11.610,11.350,11174202,129509001.18,2.29,0.43,0.05,0.00,002296,11.54,不复权,正常交易,,,
2025-08-11,002296,11.690,11.840,12.100,11.690,21623499,256022228.16,3.51,2.16,0.25,0.00,002296,11.59,不复权,正常交易,,,
2025-08-12,002296,11.830,11.820,11.880,11.700,13107700,154933014.00,1.54,-0.17,-0.02,0.00,002296,11.84,不复权,正常交易,,,
2025-08-13,002296,11.830,11.880,11.910,11.750,14913500,177172380.00,1.36,0.51,0.06,0.00,002296,11.82,不复权,正常交易,,,
2025-08-14,002296,11.940,11.650,12.020,11.640,15997500,186370875.00,3.26,-1.94,-0.23,0.00,002296,11.88,不复权,正常交易,,,
2025-08-15,002296,11.630,11.860,11.870,11.630,15094200,179017212.00,2.06,1.80,0.21,0.00,002296,11.65,不复权,正常交易,,,
2025-08-18,002296,11.900,11.960,12.020,11.860,19985700,239028972.00,1.35,0.84,0.10,0.00,002296,11.86,不复权,正常交易,,,
2025-08-19,002296,11.960,12.070,12.140,11.840,20587300,248488711.00,2.53,0.92,0.11,0.00,002296,11.96,不复权,正常交易,,,
2025-08-20,002296,12.090,12.320,12.360,12.000,26176926,322499728.32,3.00,2.07,0.25,0.00,002296,12.07,不复权,正常交易,,,
2025-08-21,002296,12.350,12.250,12.430,12.150,18985800,232576050.00,2.30,-0.57,-0.07,0.00,002296,12.32,不复权,正常交易,,,
2025-08-22,002296,12.200,12.260,12.300,12.110,14526600,178096116.00,1.57,0.08,0.01,0.00,002296,12.25,不复权,正常交易,,,
2025-08-25,002296,12.350,12.140,12.410,12.020,23601600,286523424.00,3.24,-0.98,-0.12,0.00,002296,12.26,不复权,正常交易,,,
2025-08-26,002296,12.140,12.190,12.300,12.020,15999613,195035282.47,2.33,0.41,0.05,0.00,002296,12.14,不复权,正常交易,,,
2025-08-27,002296,12.200,11.970,12.390,11.960,27516053,329367154.41,3.60,-1.80,-0.22,0.00,002296,12.19,不复权,正常交易,,,
2025-08-28,002296,11.950,12.200,12.200,11.710,23174646,282730681.20,4.18,1.92,0.23,0.00,002296,11.97,不复权,正常交易,,,
2025-08-29,002296,12.260,12.050,12.300,11.990,16263400,195973970.00,2.59,-1.23,-0.15,0.00,002296,12.20,不复权,正常交易,,,
2025-09-01,002296,12.060,12.050,12.160,11.960,13799100,166279155.00,1.67,0.00,0.00,0.00,002296,12.05,不复权,正常交易,,,
2025-09-02,002296,12.050,11.650,12.050,11.510,20005846,233068105.90,4.69,-3.32,-0.40,0.00,002296,12.05,不复权,正常交易,,,
2025-09-03,002296,11.660,11.310,11.730,11.260,13368100,151193211.00,4.17,-2.92,-0.34,0.00,002296,11.65,不复权,正常交易,,,
2025-09-04,002296,11.330,11.200,11.450,11.070,14118600,158128320.00,3.43,-0.97,-0.11,0.00,002296,11.31,不复权,正常交易,,,
2025-09-05,002296,11.270,11.340,11.370,11.110,12923267,146549847.78,2.34,1.25,0.14,0.00,002296,11.20,不复权,正常交易,,,
2025-09-08,002296,11.330,11.520,11.530,11.290,11128783,128203580.16,2.13,1.59,0.18,0.00,002296,11.34,不复权,正常交易,,,
2025-09-09,002296,11.460,11.290,11.510,11.240,10101889,114050326.81,2.40,-2.00,-0.23,0.00,002296,11.52,不复权,正常交易,,,
2025-09-10,002296,11.300,11.380,11.580,11.260,10148332,115488018.16,2.84,0.80,0.09,0.00,002296,11.29,不复权,正常交易,,,
2025-09-11,002296,11.350,11.600,11.620,11.220,14024154,162680186.40,3.57,1.93,0.22,0.00,002296,11.38,不复权,正常交易,,,
2025-09-12,002296,11.560,11.390,11.610,11.390,11272517,128393968.63,1.93,-1.81,-0.21,0.00,002296,11.60,不复权,正常交易,,,
2025-09-15,002296,11.380,11.300,11.380,11.220,9179124,103724101.20,1.43,-0.79,-0.09,0.00,002296,11.39,不复权,正常交易,,,
2025-09-16,002296,11.320,11.470,11.500,11.240,10199672,116990237.84,2.31,1.50,0.17,0.00,002296,11.30,不复权,正常交易,,,
2025-09-17,002296,11.450,11.420,11.540,11.380,10639100,121498522.00,1.41,-0.44,-0.05,0.00,002296,11.47,不复权,正常交易,,,
2025-09-18,002296,11.410,11.220,11.490,11.130,14717500,165130350.00,3.23,-1.75,-0.20,0.00,002296,11.42,不复权,正常交易,,,
2025-09-19,002296,11.260,11.120,11.280,11.110,9112270,101328442.40,1.53,-0.89,-0.10,0.00,002296,11.22,不复权,正常交易,,,
2025-09-22,002296,11.120,11.030,11.160,10.960,8068570,88996327.10,1.82,-0.81,-0.09,0.00,002296,11.12,不复权,正常交易,,,
2025-09-23,002296,11.030,10.920,11.080,10.600,11968770,130698968.40,4.53,-1.00,-0.11,0.00,002296,11.03,不复权,正常交易,,,
2025-09-24,002296,10.850,11.080,11.090,10.750,7973170,88342723.60,3.16,1.47,0.16,0.00,002296,10.92,不复权,正常交易,,,
2025-09-25,002296,11.040,10.960,11.170,10.920,8099700,88772712.00,2.29,-1.08,-0.12,0.00,002296,11.08,不复权,正常交易,,,
2025-09-26,002296,10.930,10.930,11.060,10.860,7919500,86560135.00,1.84,-0.27,-0.03,0.00,002296,10.96,不复权,正常交易,,,
2025-09-29,002296,10.900,11.020,11.040,10.740,6888193,75907886.86,2.79,0.82,0.09,0.00,002296,10.93,不复权,正常交易,,,
2025-09-30,002296,11.010,10.990,11.080,10.930,7504100,82470059.00,1.37,-0.27,-0.03,0.00,002296,11.02,不复权,正常交易,,,
2025-10-09,002296,11.010,11.040,11.050,10.920,8913900,98409456.00,1.19,0.45,0.05,0.00,002296,10.99,不复权,正常交易,,,
2025-10-10,002296,11.040,11.210,11.210,10.990,11695800,131109918.00,2.00,1.54,0.17,0.00,002296,11.04,不复权,正常交易,,,
2025-10-13,002296,10.940,11.110,11.150,10.680,12170000,135208700.00,4.40,-0.89,-0.10,0.00,002296,11.21,不复权,正常交易,,,
2025-10-14,002296,11.150,10.980,11.260,10.910,10629700,116714106.00,3.21,-1.17,-0.13,0.00,002296,11.11,不复权,正常交易,,,
2025-10-15,002296,10.980,11.150,11.160,10.910,8482101,94575426.15,2.29,1.55,0.17,0.00,002296,10.98,不复权,正常交易,,,
2025-10-16,002296,11.120,10.960,11.120,10.930,7372900,80806984.00,1.74,-1.70,-0.19,0.00,002296,11.15,不复权,正常交易,,,
2025-10-17,002296,10.980,10.700,11.000,10.700,8164200,87356940.00,2.80,-2.37,-0.26,0.00,002296,10.96,不复权,正常交易,,,
2025-10-20,002296,10.820,10.810,10.860,10.750,5657900,61161899.00,1.02,1.03,0.11,0.00,002296,10.70,不复权,正常交易,,,
2025-10-21,002296,10.820,10.960,10.960,10.780,6116814,67040281.44,1.67,1.39,0.15,0.00,002296,10.81,不复权,正常交易,,,
2025-10-22,002296,10.910,10.970,11.040,10.860,5501100,60347067.00,1.66,0.09,0.01,0.00,002296,10.96,不复权,正常交易,,,
2025-10-23,002296,10.930,11.010,11.020,10.800,5461957,60136146.57,2.04,0.36,0.04,0.00,002296,10.97,不复权,正常交易,,,
2025-10-24,002296,11.010,11.140,11.190,11.000,9206102,102555976.28,1.73,1.18,0.13,0.00,002296,11.01,不复权,正常交易,,,
2025-10-27,002296,11.200,11.250,11.280,11.140,9246400,104022000.00,1.26,0.99,0.11,0.00,002296,11.14,不复权,正常交易,,,
2025-10-28,002296,11.190,11.250,11.300,11.140,6841670,76968787.50,1.44,0.00,0.00,0.00,002296,11.25,不复权,正常交易,,,
2025-10-29,002296,11.230,11.270,11.280,11.150,7732303,87143054.81,1.17,0.18,0.02,0.00,002296,11.25,不复权,正常交易,,,
2025-10-30,002296,11.230,11.060,11.240,11.060,9541500,105528990.00,1.63,-1.86,-0.21,0.00,002296,11.27,不复权,正常交易,,,
2025-10-31,002296,11.110,11.070,11.170,11.040,7983900,88381773.00,1.18,0.09,0.01,0.00,002296,11.06,不复权,正常交易,,,
2025-11-03,002296,11.070,11.120,11.140,10.980,7370500,81959960.00,1.46,0.45,0.05,0.00,002296,11.07,不复权,正常交易,,,
2025-11-04,002296,11.100,10.980,11.120,10.910,7362092,80835770.16,1.92,-1.26,-0.14,0.00,002296,11.12,不复权,正常交易,,,
2025-11-05,002296,10.920,11.100,11.150,10.880,8161044,90587588.40,2.48,1.09,0.12,0.00,002296,10.98,不复权,正常交易,,,
2025-11-06,002296,11.130,11.250,11.360,11.080,14308800,160974000.00,2.53,1.35,0.15,0.00,002296,11.10,不复权,正常交易,,,
2025-11-07,002296,11.210,11.240,11.270,11.160,7111100,79928764.00,0.99,-0.09,-0.01,0.00,002296,11.25,不复权,正常交易,,,
2025-11-10,002296,11.280,11.240,11.320,11.170,6631600,74539184.00,1.34,0.00,0.00,0.00,002296,11.24,不复权,正常交易,,,
2025-11-11,002296,11.260,11.190,11.260,11.150,6317826,70696472.94,0.99,-0.44,-0.05,0.00,002296,11.24,不复权,正常交易,,,
2025-11-12,002296,11.210,11.150,11.210,11.070,6285000,70077750.00,1.26,-0.36,-0.04,0.00,002296,11.19,不复权,正常交易,,,
2025-11-13,002296,11.150,11.180,11.210,11.080,6258689,69972143.02,1.17,0.27,0.03,0.00,002296,11.15,不复权,正常交易,,,
2025-11-14,002296,11.170,11.190,11.260,11.110,8085115,90472436.85,1.35,0.09,0.01,0.00,002296,11.18,不复权,正常交易,,,
2025-11-17,002296,11.180,11.210,11.230,11.110,6751215,75681120.15,1.08,0.18,0.02,0.00,002296,11.19,不复权,正常交易,,,
2025-11-18,002296,11.200,11.020,11.200,10.960,7115700,78415014.00,2.19,-1.69,-0.19,0.00,002296,11.21,不复权,正常交易,,,
2025-11-19,002296,11.020,10.910,11.050,10.850,7041700,76824947.00,1.84,-1.00,-0.11,0.00,002296,11.02,不复权,正常交易,,,
2025-11-20,002296,10.970,10.730,10.970,10.700,7710750,82736347.50,2.52,-1.65,-0.18,0.00,002296,10.91,不复权,正常交易,,,
2025-11-21,002296,10.660,10.300,10.730,10.230,9842740,101380222.00,4.89,-4.01,-0.43,0.00,002296,10.73,不复权,正常交易,,,
2025-11-24,002296,10.360,10.470,10.530,10.310,8173400,85575498.00,2.13,1.65,0.17,0.00,002296,10.30,不复权,正常交易,,,
2025-11-25,002296,10.550,10.610,10.750,10.490,7530300,79896483.00,2.48,1.34,0.14,0.00,002296,10.47,不复权,正常交易,,,
2025-11-26,002296,10.560,10.490,10.740,10.470,5014700,52604203.00,2.58,-1.13,-0.12,0.00,002296,10.61,不复权,正常交易,,,
2025-11-27,002296,10.470,10.640,10.910,10.450,9335197,99326496.08,4.40,1.43,0.15,0.00,002296,10.49,不复权,正常交易,,,
2025-11-28,002296,10.600,10.650,10.660,10.470,7159100,76244415.00,1.81,0.09,0.01,0.00,002296,10.64,不复权,正常交易,,,
2025-12-01,002296,10.640,10.740,10.820,10.610,6149287,66043342.38,1.98,0.85,0.09,0.00,002296,10.65,不复权,正常交易,,,
2025-12-02,002296,10.730,10.730,10.790,10.670,4998329,53632070.17,1.12,-0.09,-0.01,0.00,002296,10.74,不复权,正常交易,,,
2025-12-03,002296,10.760,10.650,10.760,10.580,5334100,56808165.00,1.70,-0.75,-0.08,0.00,002296,10.73,不复权,正常交易,,,
2025-12-04,002296,10.660,10.580,10.670,10.520,3665100,38776758.00,1.43,-0.66,-0.07,0.00,002296,10.65,不复权,正常交易,,,
2025-12-05,002296,10.590,10.750,10.770,10.540,4731300,50861475.00,2.18,1.61,0.17,0.00,002296,10.58,不复权,正常交易,,,
2025-12-08,002296,10.790,10.840,10.850,10.750,5090800,55184272.00,0.93,0.84,0.09,0.00,002296,10.75,不复权,正常交易,,,
2025-12-09,002296,10.810,10.790,10.870,10.760,4518113,48750439.27,1.02,-0.46,-0.05,0.00,002296,10.84,不复权,正常交易,,,
2025-12-10,002296,10.760,10.670,10.770,10.570,4523570,48266491.90,1.89,-1.11,-0.12,0.00,002296,10.79,不复权,正常交易,,,
2025-12-11,002296,10.650,10.490,10.690,10.490,5655200,59323048.00,1.91,-1.69,-0.18,0.00,002296,10.67,不复权,正常交易,,,
2025-12-12,002296,10.490,10.530,10.700,10.480,5927800,62419734.00,2.10,0.38,0.04,0.00,002296,10.49,不复权,正常交易,,,
2025-12-15,002296,10.450,10.410,10.560,10.340,5202302,54155963.82,2.13,-1.14,-0.12,0.00,002296,10.53,不复权,正常交易,,,
2025-12-16,002296,10.410,10.260,10.440,10.200,6172429,63329121.54,2.35,-1.44,-0.15,0.00,002296,10.41,不复权,正常交易,,,
2025-12-17,002296,10.260,10.200,10.280,10.000,7556300,77074260.00,2.80,-0.58,-0.06,0.00,002296,10.26,不复权,正常交易,,,
2025-12-18,002296,10.130,10.330,10.420,10.110,7452800,76987424.00,3.07,1.27,0.13,0.00,002296,10.20,不复权,正常交易,,,
2025-12-19,002296,10.380,10.600,10.750,10.330,9341900,99024140.00,4.07,2.61,0.27,0.00,002296,10.33,不复权,正常交易,,,
2025-12-22,002296,10.620,10.790,10.870,10.620,8928200,96335278.00,2.35,1.79,0.19,0.00,002296,10.60,不复权,正常交易,,,
2025-12-23,002296,10.750,10.710,10.840,10.670,6465600,69246576.00,1.59,-0.74,-0.08,0.00,002296,10.79,不复权,正常交易,,,
2025-12-24,002296,10.690,10.970,11.050,10.660,9994501,109639675.97,3.66,2.43,0.26,0.00,002296,10.71,不复权,正常交易,,,
2025-12-25,002296,10.910,11.010,11.050,10.900,7739718,85214295.18,1.38,0.36,0.04,0.00,002296,10.97,不复权,正常交易,,,
2025-12-26,002296,11.010,11.070,11.250,10.930,11912900,131875803.00,2.93,0.54,0.06,0.00,002296,11.01,不复权,正常交易,,,
2025-12-29,002296,11.000,11.440,11.630,10.860,29938651,342498167.44,7.09,3.34,0.37,0.00,002296,11.07,不复权,正常交易,,,
2025-12-30,002296,11.320,11.690,12.300,11.200,49378571,577235494.99,9.82,2.19,0.25,0.00,002296,11.44,不复权,正常交易,,,
2025-12-31,002296,11.490,11.200,11.500,11.170,26358250,295212400.00,2.95,-4.19,-0.49,0.00,002296,11.69,不复权,正常交易,,,
2026-01-05,002296,11.300,11.230,11.400,11.100,19295985,216693911.55,2.70,0.27,0.03,0.00,002296,11.20,不复权,正常交易,,,
2026-01-06,002296,11.220,11.280,11.350,11.150,15636800,176383104.00,1.79,0.45,0.05,0.00,002296,11.23,不复权,正常交易,,,
2026-01-07,002296,11.230,11.170,11.270,11.110,13741100,153488087.00,1.44,-0.98,-0.11,0.00,002296,11.28,不复权,正常交易,,,
2026-01-08,002296,11.170,11.300,11.320,11.120,12348350,139536355.00,1.80,1.16,0.13,0.00,002296,11.17,不复权,正常交易,,,
2026-01-09,002296,11.590,12.430,12.430,11.400,84160304,1046112578.72,9.04,10.00,1.13,0.00,002296,11.30,不复权,正常交易,,,
2026-01-12,002296,12.800,13.110,13.480,12.350,104739201,1373130925.11,9.15,5.47,0.68,0.00,002296,12.43,不复权,正常交易,,,
2026-01-13,002296,13.250,12.500,13.300,12.470,61472930,768411625.00,6.66,-4.65,-0.61,0.00,002296,13.11,不复权,正常交易,,,
2026-01-14,002296,12.740,12.590,12.950,12.410,42048846,529394971.14,4.35,0.72,0.09,0.00,002296,12.50,不复权,正常交易,,,
2026-01-15,002296,12.400,12.310,12.510,12.180,29627902,364719473.62,2.71,-2.22,-0.28,0.00,002296,12.59,不复权,正常交易,,,
2026-01-16,002296,12.400,12.200,12.440,12.070,22112902,269777404.40,3.07,-0.89,-0.11,0.00,002296,12.31,不复权,正常交易,,,
2026-01-19,002296,12.150,12.420,12.540,12.020,29717500,369091350.00,4.33,1.80,0.22,0.00,002296,12.20,不复权,正常交易,,,
2026-01-20,002296,12.370,12.420,12.710,12.310,25966987,322509978.54,3.25,0.00,0.00,0.00,002296,12.42,不复权,正常交易,,,
2026-01-21,002296,12.350,12.850,12.960,12.260,39226016,504054305.60,5.71,3.46,0.43,0.00,002296,12.42,不复权,正常交易,,,
2026-01-22,002296,12.850,12.870,13.120,12.710,26593700,342260919.00,3.23,0.16,0.02,0.00,002296,12.85,不复权,正常交易,,,
2026-01-23,002296,12.880,13.220,13.380,12.820,36440083,481737897.26,4.37,2.72,0.35,0.00,002296,12.87,不复权,正常交易,,,
2026-01-26,002296,13.100,13.440,13.680,12.650,49334236,663052131.84,8.14,1.66,0.22,0.00,002296,13.22,不复权,正常交易,,,
2026-01-27,002296,13.430,13.790,14.100,13.250,48085438,663098190.02,6.42,2.60,0.35,0.00,002296,13.44,不复权,正常交易,,,
2026-01-28,002296,13.800,13.220,13.800,13.210,37322276,493400488.72,4.47,-4.13,-0.57,0.00,002296,13.79,不复权,正常交易,,,
2026-01-29,002296,13.120,13.040,13.500,12.940,25664129,334660242.16,4.33,-1.36,-0.18,0.00,002296,13.22,不复权,正常交易,,,
2026-01-30,002296,13.050,13.190,13.240,12.670,22199255,292808173.45,4.50,1.15,0.15,0.00,002296,13.04,不复权,正常交易,,,
2026-02-02,002296,13.070,12.720,13.210,12.700,17830245,226800716.40,4.02,-3.56,-0.47,0.00,002296,13.19,不复权,正常交易,,,
2026-02-03,002296,12.780,12.900,12.990,12.710,13344102,172138915.80,2.20,1.42,0.18,0.00,002296,12.72,不复权,正常交易,,,
2026-02-04,002296,12.800,13.110,13.110,12.630,21097249,276584934.39,3.80,1.63,0.21,0.00,002296,12.90,不复权,正常交易,,,
2026-02-05,002296,12.930,13.000,13.180,12.850,15279830,198637790.00,2.57,-0.84,-0.11,0.00,002296,13.11,不复权,正常交易,,,
2026-02-06,002296,12.820,12.860,13.220,12.700,19807946,254730185.56,4.09,-1.08,-0.14,0.00,002296,13.00,不复权,正常交易,,,
2026-02-09,002296,13.060,14.150,14.150,12.960,33527829,474418780.35,9.18,10.03,1.29,0.00,002296,12.86,不复权,正常交易,,,
2026-02-10,002296,14.310,14.120,14.440,13.930,56431800,796817016.00,3.66,-0.21,-0.03,0.00,002296,14.15,不复权,正常交易,,,
2026-02-11,002296,14.480,14.020,14.700,14.000,30554200,428369884.00,5.00,-0.71,-0.10,0.00,002296,14.12,不复权,正常交易,,,
2026-02-12,002296,14.050,14.310,14.470,13.830,33122780,473986981.80,4.63,2.07,0.29,0.00,002296,14.02,不复权,正常交易,,,
2026-02-13,002296,14.210,14.100,14.410,13.950,22120200,311894820.00,3.30,-1.47,-0.21,0.00,002296,14.31,不复权,正常交易,,,
2026-02-24,002296,14.170,14.150,14.340,13.930,18936501,267951489.15,2.94,0.35,0.05,0.00,002296,14.10,不复权,正常交易,,,
2026-02-25,002296,14.200,14.280,14.440,14.110,18229080,260311262.40,2.34,0.92,0.13,0.00,002296,14.15,不复权,正常交易,,,
2026-02-26,002296,14.430,14.560,14.780,14.210,31228050,454680408.00,4.01,1.96,0.28,0.00,002296,14.28,不复权,正常交易,,,
2026-02-27,002296,14.410,15.130,15.170,14.280,32508120,491847855.60,6.23,3.91,0.57,0.00,002296,14.56,不复权,正常交易,,,
2026-03-02,002296,14.760,14.680,15.140,14.310,31391940,460833679.20,5.80,-2.97,-0.45,0.00,002296,15.13,不复权,正常交易,,,
2026-03-03,002296,14.750,13.680,14.780,13.660,30804961,421411866.48,8.20,-6.81,-1.00,0.00,002296,14.68,不复权,正常交易,,,
2026-03-04,002296,13.510,13.720,14.040,13.480,17240734,236542870.48,4.15,0.29,0.04,0.00,002296,13.68,不复权,正常交易,,,
2026-03-05,002296,14.040,13.700,14.080,13.560,18863846,258434690.20,3.83,-0.15,-0.02,0.00,002296,13.72,不复权,正常交易,,,
2026-03-06,002296,13.600,13.790,13.990,13.450,14539229,200495967.91,4.01,0.66,0.09,0.00,002296,13.70,不复权,正常交易,,,
2026-03-09,002296,13.510,13.690,13.720,13.130,20914200,286315398.00,4.49,-0.73,-0.10,0.00,002296,13.79,不复权,正常交易,,,
2026-03-10,002296,13.800,14.060,14.250,13.800,20159100,283436946.00,3.26,2.70,0.37,0.00,002296,13.69,不复权,正常交易,,,
2026-03-11,002296,14.090,13.910,14.300,13.810,17085702,237662114.82,3.55,-1.07,-0.15,0.00,002296,14.06,不复权,正常交易,,,
2026-03-12,002296,13.810,13.480,13.910,13.360,16015302,215886270.96,4.12,-3.09,-0.43,0.00,002296,13.91,不复权,正常交易,,,
2026-03-13,002296,13.340,13.020,13.470,12.980,16594100,216055182.00,3.78,-3.41,-0.46,0.00,002296,13.48,不复权,正常交易,,,
2026-03-16,002296,12.990,12.910,13.010,12.660,14503100,187235021.00,2.76,-0.84,-0.11,0.00,002296,13.02,不复权,正常交易,,,
2026-03-17,002296,12.960,12.220,12.960,12.180,19023400,232465948.00,6.40,-5.34,-0.69,0.00,002296,12.91,不复权,正常交易,,,
2026-03-18,002296,12.350,12.280,12.380,12.110,17860700,219329396.00,2.23,0.49,0.06,0.00,002296,12.22,不复权,正常交易,,,
2026-03-19,002296,12.040,11.880,12.170,11.820,16083900,191076732.00,2.96,-3.26,-0.40,0.00,002296,12.28,不复权,正常交易,,,
2026-03-20,002296,12.020,11.530,12.070,11.510,12490100,144010853.00,4.87,-2.95,-0.35,0.00,002296,11.88,不复权,正常交易,,,
2026-03-23,002296,11.300,10.620,11.300,10.550,22664700,240699114.00,7.11,-7.89,-0.91,0.00,002296,11.53,不复权,正常交易,,,
2026-03-24,002296,10.850,11.030,11.080,10.690,17968178,198189003.34,3.65,3.86,0.41,0.00,002296,10.62,不复权,正常交易,,,
2026-03-25,002296,11.200,11.230,11.320,11.070,17622851,197904616.73,2.26,1.81,0.20,0.00,002296,11.03,不复权,正常交易,,,
2026-03-26,002296,11.180,11.040,11.300,10.990,14124900,155938896.00,2.82,-1.69,-0.19,0.00,002296,11.23,不复权,正常交易,,,
2026-03-27,002296,10.930,11.230,11.330,10.850,10066175,113043145.25,4.42,1.72,0.19,0.00,002296,11.04,不复权,正常交易,,,
2026-03-30,002296,11.020,11.350,11.400,10.960,11266200,127871370.00,4.01,1.07,0.12,0.00,002296,11.23,不复权,正常交易,,,
2026-03-31,002296,11.370,11.540,11.800,11.280,20688900,238749906.00,4.61,1.67,0.19,0.00,002296,11.35,不复权,正常交易,,,
2026-04-01,002296,11.750,11.620,11.780,11.410,15475800,179828796.00,3.24,0.69,0.08,0.00,002296,11.54,不复权,正常交易,,,
2026-04-02,002296,11.550,11.190,11.660,11.100,13056000,146096640.00,5.05,-3.70,-0.43,0.00,002296,11.62,不复权,正常交易,,,
2026-04-03,002296,11.270,11.010,11.350,10.960,9067700,99835377.00,3.56,-1.61,-0.18,0.00,002296,11.19,不复权,正常交易,,,
2026-04-07,002296,10.960,11.100,11.210,10.960,7470000,82917000.00,2.28,0.82,0.09,0.00,002296,11.01,不复权,正常交易,,,
2026-04-08,002296,11.410,11.590,11.610,11.320,11129100,128986269.00,2.56,4.41,0.49,0.00,002296,11.10,不复权,正常交易,,,
2026-04-09,002296,11.490,11.510,11.580,11.350,9784400,112618444.00,2.03,-0.69,-0.08,0.00,002296,11.59,不复权,正常交易,,,
2026-04-10,002296,11.520,11.580,11.700,11.520,9091000,105273780.00,1.56,0.61,0.07,0.00,002296,11.51,不复权,正常交易,,,
2026-04-13,002296,11.490,11.370,11.570,11.300,8730000,99260100.00,2.39,-1.81,-0.21,0.00,002296,11.58,不复权,正常交易,,,
2026-04-14,002296,11.600,11.490,11.630,11.310,10190700,117091143.00,2.83,1.06,0.12,0.00,002296,11.37,不复权,正常交易,,,
2026-04-15,002296,11.480,11.350,11.520,11.310,7671902,87076087.70,1.86,-1.22,-0.14,0.00,002296,11.49,不复权,正常交易,,,
2026-04-16,002296,11.380,11.550,11.560,11.330,10222002,118064123.10,2.03,1.76,0.20,0.00,002296,11.35,不复权,正常交易,,,
2026-04-17,002296,11.520,11.460,11.560,11.330,10143002,116238802.92,2.03,-0.78,-0.09,0.00,002296,11.55,不复权,正常交易,,,
2026-04-20,002296,11.460,11.660,11.710,11.460,9371000,109265860.00,2.18,1.75,0.20,0.00,002296,11.46,不复权,正常交易,,,
2026-04-21,002296,11.650,11.530,11.660,11.420,8443013,97347939.89,2.10,-1.11,-0.13,0.00,002296,11.66,不复权,正常交易,,,
2026-04-22,002296,11.480,11.600,11.620,11.390,9071710,105231836.00,2.02,0.61,0.07,0.00,002296,11.53,不复权,正常交易,,,
2026-04-23,002296,11.600,11.300,11.650,11.230,10680710,120692023.00,3.74,-2.59,-0.30,0.00,002296,11.60,不复权,正常交易,,,
2026-04-24,002296,11.210,11.160,11.250,11.030,8015800,89456328.00,1.99,-1.24,-0.14,0.00,002296,11.30,不复权,正常交易,,,
2026-04-27,002296,11.200,11.380,11.390,11.020,9328301,106156065.38,3.36,1.16,0.13,0.00,002296,11.25,不复权，正常交易,,,
2026-04-28,002296,11.070,11.100,11.120,10.920,14879520,165162672.00,1.83,-2.55,-0.29,0.00,002296,11.39,不复权，正常交易,,,
2026-04-29,002296,11.110,11.350,11.450,11.070,12724970,144428409.50,3.43,2.25,0.25,0.00,002296,11.10,不复权，正常交易,,,
