日期，开盘，最高，最低，收盘，成交量，成交额，振幅，涨跌幅，涨跌额，换手率，IOPV，折价率，溢价率，ETF 代码，ETF 名称，爬取时间
2024-09-03,0.977,0.981,0.965,0.968,38488215,37256592.12,1.66,-0.92,-0.01,0.00,0.0,0.0,0.0,159302,159302,2026/4/27 18:32:23
2024-09-04,0.964,0.964,0.948,0.951,18610658,17698735.76,1.69,-1.76,-0.02,0.00,0.0,0.0,0.0,159302,159302,2026/4/27 18:32:23
2024-09-05,0.953,0.958,0.944,0.947,12522071,11858401.24,1.48,-0.42,-0.00,0.00,0.0,0.0,0.0,159302,159302,2026/4/27 18:32:23
2024-09-06,0.948,0.952,0.943,0.946,4043117,3824788.68,0.95,-0.11,-0.00,0.00,0.0,0.0,0.0,159302,159302,2026/4/27 18:32:23
2024-09-09,0.939,0.942,0.920,0.924,18039069,16668099.76,2.39,-2.33,-0.02,0.00,0.0,0.0,0.0,159302,159302,2026/4/27 18:32:23
2024-09-10,0.924,0.929,0.921,0.929,20203198,18768770.94,0.87,0.54,0.01,0.00,0.0,0.0,0.0,159302,159302,2026/4/27 18:32:23
2024-09-11,0.923,0.923,0.902,0.908,17276564,15687120.11,2.33,-2.26,-0.02,0.00,0.0,0.0,0.0,159302,159302,2026/4/27 18:32:23
2024-09-12,0.912,0.925,0.908,0.921,14120993,13005434.55,1.87,1.43,0.01,0.00,0.0,0.0,0.0,159302,159302,2026/4/27 18:32:23
2024-09-13,0.921,0.939,0.921,0.929,9583118,8902716.62,1.95,0.87,0.01,0.00,0.0,0.0,0.0,159302,159302,2026/4/27 18:32:23
2024-09-18,0.938,0.944,0.937,0.942,8448938,7958899.60,0.75,1.40,0.01,0.00,0.0,0.0,0.0,159302,159302,2026/4/27 18:32:23
2024-09-19,0.942,0.957,0.941,0.956,9589084,9167164.30,1.70,1.49,0.01,0.00,0.0,0.0,0.0,159302,159302,2026/4/27 18:32:23
2024-09-20,0.958,0.962,0.951,0.958,16568478,15872601.92,1.16,0.21,0.00,0.00,0.0,0.0,0.0,159302,159302,2026/4/27 18:32:23
2024-09-23,0.962,0.976,0.949,0.975,18512469,18049657.27,2.85,1.77,0.02,0.00,0.0,0.0,0.0,159302,159302,2026/4/27 18:32:23
2024-09-24,0.980,1.011,0.980,1.010,42113311,42534444.11,3.16,3.59,0.04,0.00,0.0,0.0,0.0,159302,159302,2026/4/27 18:32:23
2024-09-25,1.052,1.052,1.014,1.015,35179197,35706884.95,3.75,0.50,0.00,0.00,0.0,0.0,0.0,159302,159302,2026/4/27 18:32:23
2024-09-26,1.016,1.034,1.015,1.034,30756249,31801961.47,1.87,1.87,0.02,0.00,0.0,0.0,0.0,159302,159302,2026/4/27 18:32:23
2024-09-27,1.044,1.052,1.034,1.048,35459766,37161834.77,1.74,1.35,0.01,0.00,0.0,0.0,0.0,159302,159302,2026/4/27 18:32:23
2024-09-30,1.062,1.113,1.062,1.088,40889595,44487879.36,4.80,3.82,0.04,0.00,0.0,0.0,0.0,159302,159302,2026/4/27 18:32:23
2024-10-08,1.191,1.196,1.058,1.093,59150056,64651011.21,13.04,0.46,0.00,0.00,0.0,0.0,0.0,159302,159302,2026/4/27 18:32:23
2024-10-09,1.093,1.093,1.010,1.039,24827261,25795524.18,8.22,-4.94,-0.05,0.00,0.0,0.0,0.0,159302,159302,2026/4/27 18:32:23
2024-10-10,1.053,1.108,1.052,1.077,40431838,43545089.53,5.32,3.66,0.04,0.00,0.0,0.0,0.0,159302,159302,2026/4/27 18:32:23
2024-10-11,1.091,1.093,1.049,1.057,20792602,21977780.31,4.19,-1.86,-0.02,0.00,0.0,0.0,0.0,159302,159302,2026/4/27 18:32:23
2024-10-14,1.081,1.124,1.080,1.115,116253545,129622702.67,4.07,5.49,0.06,0.00,0.0,0.0,0.0,159302,159302,2026/4/27 18:32:23
2024-10-15,1.121,1.122,1.075,1.078,48576511,52365478.86,4.37,-3.32,-0.04,0.00,0.0,0.0,0.0,159302,159302,2026/4/27 18:32:23
2024-10-16,1.061,1.108,1.061,1.097,68682152,75344320.74,4.43,1.76,0.02,0.00,0.0,0.0,0.0,159302,159302,2026/4/27 18:32:23
2024-10-17,1.108,1.113,1.079,1.081,37051342,40052500.70,3.15,-1.46,-0.02,0.00,0.0,0.0,0.0,159302,159302,2026/4/27 18:32:23
2024-10-18,1.082,1.108,1.077,1.096,55099803,60389384.09,2.88,1.39,0.02,0.00,0.0,0.0,0.0,159302,159302,2026/4/27 18:32:23
2024-10-21,1.102,1.111,1.093,1.098,23955338,26302961.12,1.65,0.18,0.00,0.00,0.0,0.0,0.0,159302,159302,2026/4/27 18:32:23
2024-10-22,1.098,1.109,1.098,1.100,13287540,14616294.00,1.00,0.18,0.00,0.00,0.0,0.0,0.0,159302,159302,2026/4/27 18:32:23
2024-10-23,1.103,1.115,1.099,1.109,16533139,18335251.15,1.46,0.82,0.01,0.00,0.0,0.0,0.0,159302,159302,2026/4/27 18:32:23
2024-10-24,1.103,1.109,1.098,1.108,10752194,11913430.95,1.00,-0.09,-0.00,0.00,0.0,0.0,0.0,159302,159302,2026/4/27 18:32:23
2024-10-25,1.109,1.116,1.102,1.105,17343327,19164376.34,1.27,-0.27,-0.00,0.00,0.0,0.0,0.0,159302,159302,2026/4/27 18:32:23
2024-10-28,1.105,1.108,1.099,1.103,9140523,10081996.87,0.82,-0.18,-0.00,0.00,0.0,0.0,0.0,159302,159302,2026/4/27 18:32:23
2024-10-29,1.104,1.107,1.081,1.089,11791108,12840516.61,2.41,-1.27,-0.01,0.00,0.0,0.0,0.0,159302,159302,2026/4/27 18:32:23
2024-10-30,1.091,1.095,1.071,1.074,7546343,8104772.38,2.24,-1.38,-0.01,0.00,0.0,0.0,0.0,159302,159302,2026/4/27 18:32:23
2024-10-31,1.075,1.089,1.074,1.080,21706231,23442729.48,1.40,0.56,0.01,0.00,0.0,0.0,0.0,159302,159302,2026/4/27 18:32:23
2024-11-01,1.084,1.102,1.080,1.097,0,0.00,2.04,1.57,0.02,0.00,0.0,0.0,0.0,159302,159302,2026/4/27 18:32:23
2024-11-04,1.097,1.101,1.085,1.093,11672600,12758151.80,1.47,-0.36,-0.00,0.00,0.0,0.0,0.0,159302,159302,2026/4/27 18:32:23
2024-11-05,1.095,1.115,1.090,1.114,24581502,27383793.23,2.29,1.92,0.02,0.00,0.0,0.0,0.0,159302,159302,2026/4/27 18:32:23
2024-11-06,1.115,1.120,1.103,1.106,19944615,22058744.19,1.54,-0.72,-0.01,0.00,0.0,0.0,0.0,159302,159302,2026/4/27 18:32:23
2024-11-07,1.102,1.130,1.101,1.128,17698309,19963692.55,2.63,1.99,0.02,0.00,0.0,0.0,0.0,159302,159302,2026/4/27 18:32:23
2024-11-08,1.149,1.149,1.113,1.115,13730500,15309507.50,3.23,-1.15,-0.01,0.00,0.0,0.0,0.0,159302,159302,2026/4/27 18:32:23
2024-11-11,1.115,1.115,1.096,1.105,7800703,8619776.81,1.73,-0.90,-0.01,0.00,0.0,0.0,0.0,159302,159302,2026/4/27 18:32:23
2024-11-12,1.104,1.114,1.072,1.077,14777804,15915694.91,3.92,-2.53,-0.03,0.00,0.0,0.0,0.0,159302,159302,2026/4/27 18:32:23
2024-11-13,1.077,1.089,1.073,1.080,14137400,15268392.00,1.49,0.28,0.00,0.00,0.0,0.0,0.0,159302,159302,2026/4/27 18:32:23
2024-11-14,1.080,1.088,1.068,1.068,10638546,11361967.13,1.87,-1.11,-0.01,0.00,0.0,0.0,0.0,159302,159302,2026/4/27 18:32:23
2024-11-15,1.070,1.077,1.068,1.071,3467838,3714054.50,0.84,0.28,0.00,0.00,0.0,0.0,0.0,159302,159302,2026/4/27 18:32:23
2024-11-18,1.073,1.095,1.073,1.085,5779600,6270866.00,2.05,1.31,0.01,0.00,0.0,0.0,0.0,159302,159302,2026/4/27 18:32:23
2024-11-19,1.090,1.093,1.078,1.085,6264800,6797308.00,1.39,0.00,0.00,0.00,0.0,0.0,0.0,159302,159302,2026/4/27 18:32:23
2024-11-20,1.084,1.091,1.082,1.088,6697605,7286994.24,0.83,0.28,0.00,0.00,0.0,0.0,0.0,159302,159302,2026/4/27 18:32:23
2024-11-21,1.088,1.093,1.083,1.089,3002100,3269286.90,0.92,0.09,0.00,0.00,0.0,0.0,0.0,159302,159302,2026/4/27 18:32:23
2024-11-22,1.089,1.091,1.056,1.056,8874008,9370952.45,3.31,-3.03,-0.03,0.00,0.0,0.0,0.0,159302,159302,2026/4/27 18:32:23
2024-11-25,1.062,1.067,1.058,1.061,4120703,4372065.88,0.85,0.47,0.00,0.00,0.0,0.0,0.0,159302,159302,2026/4/27 18:32:23
2024-11-26,1.059,1.062,1.052,1.054,3026513,3189944.70,0.95,-0.66,-0.01,0.00,0.0,0.0,0.0,159302,159302,2026/4/27 18:32:23
2024-11-27,1.053,1.059,1.045,1.057,5383702,5690573.01,1.34,0.28,0.00,0.00,0.0,0.0,0.0,159302,159302,2026/4/27 18:32:23
2024-11-28,1.057,1.061,1.046,1.047,5017800,5253636.60,1.43,-0.95,-0.01,0.00,0.0,0.0,0.0,159302,159302,2026/4/27 18:32:23
2024-11-29,1.049,1.055,1.043,1.046,4458802,4663906.89,1.15,-0.10,-0.00,0.00,0.0,0.0,0.0,159302,159302,2026/4/27 18:32:23
2024-12-02,1.047,1.063,1.047,1.058,6090101,6443326.86,1.53,1.15,0.01,0.00,0.0,0.0,0.0,159302,159302,2026/4/27 18:32:23
2024-12-03,1.059,1.078,1.057,1.074,6408753,6883000.72,1.99,1.51,0.02,0.00,0.0,0.0,0.0,159302,159302,2026/4/27 18:32:23
2024-12-04,1.075,1.083,1.071,1.080,8366500,9035820.00,1.12,0.56,0.01,0.00,0.0,0.0,0.0,159302,159302,2026/4/27 18:32:23
2024-12-05,1.080,1.081,1.071,1.074,4260800,4576099.20,0.93,-0.56,-0.01,0.00,0.0,0.0,0.0,159302,159302,2026/4/27 18:32:23
2024-12-06,1.077,1.090,1.077,1.087,6647600,7225941.20,1.21,1.21,0.01,0.00,0.0,0.0,0.0,159302,159302,2026/4/27 18:32:23
2024-12-09,1.086,1.096,1.083,1.091,6340400,6917376.40,1.20,0.37,0.00,0.00,0.0,0.0,0.0,159302,159302,2026/4/27 18:32:23
2024-12-10,1.124,1.132,1.095,1.096,9588482,10508976.27,3.38,0.46,0.01,0.00,0.0,0.0,0.0,159302,159302,2026/4/27 18:32:23
2024-12-11,1.099,1.107,1.094,1.097,6558203,7194348.69,1.19,0.09,0.00,0.00,0.0,0.0,0.0,159302,159302,2026/4/27 18:32:23
2024-12-12,1.097,1.108,1.095,1.105,10696400,11819522.00,1.19,0.73,0.01,0.00,0.0,0.0,0.0,159302,159302,2026/4/27 18:32:23
2024-12-13,1.100,1.100,1.081,1.085,5036100,5464168.50,1.76,-1.81,-0.02,0.00,0.0,0.0,0.0,159302,159302,2026/4/27 18:32:23
2024-12-16,1.087,1.097,1.087,1.097,7070002,7755792.19,0.92,1.11,0.01,0.00,0.0,0.0,0.0,159302,159302,2026/4/27 18:32:23
2024-12-17,1.099,1.099,1.082,1.086,6632602,7203005.77,1.57,-1.00,-0.01,0.00,0.0,0.0,0.0,159302,159302,2026/4/27 18:32:23
2024-12-18,1.094,1.095,1.087,1.090,5980700,6518963.00,0.74,0.37,0.00,0.00,0.0,0.0,0.0,159302,159302,2026/4/27 18:32:23
2024-12-19,1.087,1.088,1.080,1.088,4778600,5199116.80,0.74,-0.18,-0.00,0.00,0.0,0.0,0.0,159302,159302,2026/4/27 18:32:23
2024-12-20,1.088,1.088,1.072,1.074,4235900,4549356.60,1.49,-1.29,-0.01,0.00,0.0,0.0,0.0,159302,159302,2026/4/27 18:32:23
2024-12-23,1.077,1.094,1.077,1.090,8692800,9475152.00,1.58,1.49,0.02,0.00,0.0,0.0,0.0,159302,159302,2026/4/27 18:32:23
2024-12-24,1.089,1.119,1.086,1.114,18333400,20423407.60,3.04,2.20,0.02,0.00,0.0,0.0,0.0,159302,159302,2026/4/27 18:32:23
2024-12-25,1.115,1.121,1.110,1.114,13043112,14530026.77,0.99,0.00,0.00,0.00,0.0,0.0,0.0,159302,159302,2026/4/27 18:32:23
2024-12-26,1.115,1.122,1.114,1.121,5624012,6304517.45,0.72,0.63,0.01,0.00,0.0,0.0,0.0,159302,159302,2026/4/27 18:32:23
2024-12-27,1.118,1.118,1.105,1.110,7937908,8811077.88,1.18,-0.98,-0.01,0.00,0.0,0.0,0.0,159302,159302,2026/4/27 18:32:23
2024-12-30,1.112,1.122,1.110,1.116,9267400,10342418.40,1.08,0.54,0.01,0.00,0.0,0.0,0.0,159302,159302,2026/4/27 18:32:23
2024-12-31,1.115,1.128,1.115,1.115,12310603,13726322.35,1.17,-0.09,-0.00,0.00,0.0,0.0,0.0,159302,159302,2026/4/27 18:32:23
2025-01-02,1.132,1.132,1.089,1.089,20707700,22550685.30,3.95,-2.33,-0.03,0.00,0.0,0.0,0.0,159302,159302,2026/4/27 18:32:23
2025-01-03,1.094,1.109,1.094,1.100,13795000,15174500.00,1.37,1.01,0.01,0.00,0.0,0.0,0.0,159302,159302,2026/4/27 18:32:23
2025-01-06,1.100,1.110,1.100,1.102,5245503,5780544.31,0.91,0.18,0.00,0.00,0.0,0.0,0.0,159302,159302,2026/4/27 18:32:23
2025-01-07,1.102,1.102,1.083,1.086,7513500,8159661.00,1.75,-1.45,-0.02,0.00,0.0,0.0,0.0,159302,159302,2026/4/27 18:32:23
2025-01-08,1.087,1.095,1.077,1.085,9641500,10461027.50,1.67,-0.09,-0.00,0.00,0.0,0.0,0.0,159302,159302,2026/4/27 18:32:23
2025-01-09,1.084,1.089,1.072,1.074,7301613,7841932.36,1.59,-1.01,-0.01,0.00,0.0,0.0,0.0,159302,159302,2026/4/27 18:32:23
2025-01-10,1.079,1.080,1.065,1.066,9305113,9919250.46,1.41,-0.74,-0.01,0.00,0.0,0.0,0.0,159302,159302,2026/4/27 18:32:23
2025-01-13,1.063,1.070,1.058,1.067,5895600,6290605.20,1.13,0.09,0.00,0.00,0.0,0.0,0.0,159302,159302,2026/4/27 18:32:23
2025-01-14,1.068,1.081,1.068,1.078,9242300,9963199.40,1.22,1.03,0.01,0.00,0.0,0.0,0.0,159302,159302,2026/4/27 18:32:23
2025-01-15,1.078,1.089,1.075,1.077,6642000,7153434.00,1.30,-0.09,-0.00,0.00,0.0,0.0,0.0,159302,159302,2026/4/27 18:32:23
2025-01-16,1.080,1.085,1.075,1.081,13902000,15028062.00,0.93,0.37,0.00,0.00,0.0,0.0,0.0,159302,159302,2026/4/27 18:32:23
2025-01-17,1.081,1.081,1.075,1.075,9808700,10544352.50,0.56,-0.56,-0.01,0.00,0.0,0.0,0.0,159302,159302,2026/4/27 18:32:23
2025-01-20,1.079,1.081,1.069,1.070,9514300,10180301.00,1.12,-0.47,-0.00,0.00,0.0,0.0,0.0,159302,159302,2026/4/27 18:32:23
2025-01-21,1.075,1.076,1.067,1.073,10581200,11353627.60,0.84,0.28,0.00,0.00,0.0,0.0,0.0,159302,159302,2026/4/27 18:32:23
2025-01-22,1.072,1.074,1.065,1.066,3608900,3847087.40,0.85,-0.65,-0.01,0.00,0.0,0.0,0.0,159302,159302,2026/4/27 18:32:23
2025-01-23,1.068,1.082,1.068,1.073,16809800,18036915.40,1.31,0.66,0.01,0.00,0.0,0.0,0.0,159302,159302,2026/4/27 18:32:23
2025-01-24,1.073,1.081,1.072,1.078,7552300,8141379.40,0.84,0.47,0.01,0.00,0.0,0.0,0.0,159302,159302,2026/4/27 18:32:23
2025-01-27,1.080,1.092,1.080,1.090,13944800,15199832.00,1.11,1.11,0.01,0.00,0.0,0.0,0.0,159302,159302,2026/4/27 18:32:23
2025-02-05,1.095,1.095,1.081,1.084,7111970,7709375.48,1.30,-0.55,-0.01,0.00,0.0,0.0,0.0,159302,159302,2026/4/27 18:32:23
2025-02-06,1.083,1.091,1.081,1.090,5835200,6360368.00,0.93,0.55,0.01,0.00,0.0,0.0,0.0,159302,159302,2026/4/27 18:32:23
2025-02-07,1.090,1.094,1.085,1.089,10574800,11515957.20,0.83,-0.09,-0.00,0.00,0.0,0.0,0.0,159302,159302,2026/4/27 18:32:23
2025-02-10,1.091,1.099,1.091,1.093,6080500,6645986.50,0.73,0.37,0.00,0.00,0.0,0.0,0.0,159302,159302,2026/4/27 18:32:23
2025-02-11,1.095,1.100,1.094,1.096,5771401,6325455.50,0.55,0.27,0.00,0.00,0.0,0.0,0.0,159302,159302,2026/4/27 18:32:23
2025-02-12,1.097,1.109,1.097,1.109,11337006,12572739.65,1.09,1.19,0.01,0.00,0.0,0.0,0.0,159302,159302,2026/4/27 18:32:23
2025-02-13,1.110,1.112,1.104,1.111,6607402,7340823.62,0.72,0.18,0.00,0.00,0.0,0.0,0.0,159302,159302,2026/4/27 18:32:23
2025-02-14,1.109,1.109,1.099,1.101,8067900,8882757.90,0.91,-0.90,-0.01,0.00,0.0,0.0,0.0,159302,159302,2026/4/27 18:32:23
2025-02-17,1.105,1.115,1.103,1.115,9888402,11025568.23,1.09,1.27,0.01,0.00,0.0,0.0,0.0,159302,159302,2026/4/27 18:32:23
2025-02-18,1.117,1.129,1.113,1.117,7038700,7862227.90,1.44,0.18,0.00,0.00,0.0,0.0,0.0,159302,159302,2026/4/27 18:32:23
2025-02-19,1.117,1.121,1.111,1.115,5905003,6584078.34,0.90,-0.18,-0.00,0.00,0.0,0.0,0.0,159302,159302,2026/4/27 18:32:23
2025-02-20,1.116,1.117,1.106,1.111,4439406,4932180.07,0.99,-0.36,-0.00,0.00,0.0,0.0,0.0,159302,159302,2026/4/27 18:32:23
2025-02-21,1.115,1.123,1.114,1.120,6060207,6787431.84,0.81,0.81,0.01,0.00,0.0,0.0,0.0,159302,159302,2026/4/27 18:32:23
2025-02-24,1.119,1.126,1.108,1.117,4855704,5423821.37,1.62,-0.27,-0.00,0.00,0.0,0.0,0.0,159302,159302,2026/4/27 18:32:23
2025-02-25,1.116,1.116,1.103,1.103,4657004,5136675.41,1.18,-1.25,-0.01,0.00,0.0,0.0,0.0,159302,159302,2026/4/27 18:32:23
2025-02-26,1.106,1.119,1.106,1.116,8209301,9161579.92,1.18,1.18,0.01,0.00,0.0,0.0,0.0,159302,159302,2026/4/27 18:32:23
2025-02-27,1.116,1.120,1.109,1.118,5873233,6566274.49,0.99,0.18,0.00,0.00,0.0,0.0,0.0,159302,159302,2026/4/27 18:32:23
2025-02-28,1.113,1.119,1.104,1.107,4617600,5111683.20,1.36,-0.98,-0.01,0.00,0.0,0.0,0.0,159302,159302,2026/4/27 18:32:23
2025-03-03,1.108,1.121,1.108,1.113,7942833,8840373.13,1.17,0.54,0.01,0.00,0.0,0.0,0.0,159302,159302,2026/4/27 18:32:23
2025-03-04,1.108,1.111,1.102,1.109,5032300,5580820.70,0.82,-0.36,-0.00,0.00,0.0,0.0,0.0,159302,159302,2026/4/27 18:32:23
2025-03-05,1.109,1.125,1.109,1.123,8643400,9706538.20,1.44,1.26,0.01,0.00,0.0,0.0,0.0,159302,159302,2026/4/27 18:32:23
2025-03-06,1.130,1.130,1.119,1.123,5278303,5927534.27,0.98,0.00,0.00,0.00,0.0,0.0,0.0,159302,159302,2026/4/27 18:32:23
2025-03-07,1.123,1.131,1.116,1.125,4222200,4749975.00,1.34,0.18,0.00,0.00,0.0,0.0,0.0,159302,159302,2026/4/27 18:32:23
2025-03-10,1.127,1.132,1.120,1.127,7252001,8173005.13,1.07,0.18,0.00,0.00,0.0,0.0,0.0,159302,159302,2026/4/27 18:32:23
2025-03-11,1.120,1.129,1.119,1.128,8724400,9841123.20,0.89,0.09,0.00,0.00,0.0,0.0,0.0,159302,159302,2026/4/27 18:32:23
2025-03-12,1.128,1.134,1.122,1.128,4927600,5558332.80,1.07,0.00,0.00,0.00,0.0,0.0,0.0,159302,159302,2026/4/27 18:32:23
2025-03-13,1.127,1.135,1.122,1.127,8340201,9399406.53,1.16,-0.09,-0.00,0.00,0.0,0.0,0.0,159302,159302,2026/4/27 18:32:23
2025-03-14,1.130,1.145,1.130,1.142,6311200,7207390.40,1.33,1.33,0.01,0.00,0.0,0.0,0.0,159302,159302,2026/4/27 18:32:23
2025-03-17,1.149,1.151,1.137,1.150,7218600,8301390.00,1.23,0.70,0.01,0.00,0.0,0.0,0.0,159302,159302,2026/4/27 18:32:23
2025-03-18,1.179,1.179,1.150,1.156,8872600,10256725.60,2.52,0.52,0.01,0.00,0.0,0.0,0.0,159302,159302,2026/4/27 18:32:23
2025-03-19,1.156,1.160,1.152,1.153,9595900,11064072.70,0.69,-0.26,-0.00,0.00,0.0,0.0,0.0,159302,159302,2026/4/27 18:32:23
2025-03-20,1.153,1.161,1.150,1.152,6160100,7096435.20,0.96,-0.09,-0.00,0.00,0.0,0.0,0.0,159302,159302,2026/4/27 18:32:23
2025-03-21,1.148,1.159,1.132,1.137,6018504,6843039.05,2.39,-1.30,-0.01,0.00,0.0,0.0,0.0,159302,159302,2026/4/27 18:32:23
2025-03-24,1.144,1.155,1.138,1.148,12001200,13777377.60,1.49,0.97,0.01,0.00,0.0,0.0,0.0,159302,159302,2026/4/27 18:32:23
2025-03-25,1.144,1.145,1.131,1.135,6506600,7384991.00,1.24,-1.13,-0.01,0.00,0.0,0.0,0.0,159302,159302,2026/4/27 18:32:23
2025-03-26,1.137,1.142,1.129,1.133,3955700,4481808.10,1.15,-0.18,-0.00,0.00,0.0,0.0,0.0,159302,159302,2026/4/27 18:32:23
2025-03-27,1.131,1.142,1.131,1.136,9548900,10847550.40,0.97,0.26,0.00,0.00,0.0,0.0,0.0,159302,159302,2026/4/27 18:32:23
2025-03-28,1.137,1.140,1.121,1.127,6344900,7150702.30,1.69,-0.79,-0.01,0.00,0.0,0.0,0.0,159302,159302,2026/4/27 18:32:23
2025-03-31,1.130,1.138,1.121,1.127,10620402,11969193.05,1.52,0.00,0.00,0.00,0.0,0.0,0.0,159302,159302,2026/4/27 18:32:23
2025-04-01,1.127,1.140,1.127,1.140,8873100,10115334.00,1.15,1.15,0.01,0.00,0.0,0.0,0.0,159302,159302,2026/4/27 18:32:23
2025-04-02,1.141,1.148,1.135,1.146,10547000,12086862.00,1.15,0.53,0.01,0.00,0.0,0.0,0.0,159302,159302,2026/4/27 18:32:23
2025-04-03,1.141,1.141,1.126,1.132,11211600,12691531.20,1.33,-1.22,-0.01,0.00,0.0,0.0,0.0,159302,159302,2026/4/27 18:32:23
2025-04-07,1.080,1.080,1.019,1.021,14955500,15269565.50,5.99,-9.81,-0.11,0.00,0.0,0.0,0.0,159302,159302,2026/4/27 18:32:23
2025-04-08,1.039,1.054,1.029,1.037,25474100,26416641.70,2.43,1.57,0.02,0.00,0.0,0.0,0.0,159302,159302,2026/4/27 18:32:23
2025-04-09,1.032,1.044,1.013,1.037,18838400,19535420.80,3.06,0.00,0.00,0.00,0.0,0.0,0.0,159302,159302,2026/4/27 18:32:23
2025-04-10,1.055,1.084,1.055,1.066,27645200,29469783.20,2.75,2.80,0.03,0.00,0.0,0.0,0.0,159302,159302,2026/4/27 18:32:23
2025-04-11,1.066,1.081,1.057,1.071,10970300,11749191.30,2.27,0.47,0.00,0.00,0.0,0.0,0.0,159302,159302,2026/4/27 18:32:23
2025-04-14,1.083,1.095,1.080,1.094,13909000,15216446.00,1.39,2.15,0.02,0.00,0.0,0.0,0.0,159302,159302,2026/4/27 18:32:23
2025-04-15,1.099,1.101,1.093,1.100,8473500,9320850.00,0.73,0.55,0.01,0.00,0.0,0.0,0.0,159302,159302,2026/4/27 18:32:23
2025-04-16,1.097,1.105,1.084,1.090,10356800,11288912.00,1.94,-0.91,-0.01,0.00,0.0,0.0,0.0,159302,159302,2026/4/27 18:32:23
2025-04-17,1.086,1.101,1.086,1.097,6325700,6939292.90,1.38,0.64,0.01,0.00,0.0,0.0,0.0,159302,159302,2026/4/27 18:32:23
2025-04-18,1.092,1.109,1.090,1.093,28139700,30756692.10,1.74,-0.36,-0.00,0.00,0.0,0.0,0.0,159302,159302,2026/4/27 18:32:23
2025-04-21,1.093,1.099,1.092,1.096,6537105,7164667.08,0.64,0.27,0.00,0.00,0.0,0.0,0.0,159302,159302,2026/4/27 18:32:23
2025-04-22,1.097,1.102,1.093,1.099,7054000,7752346.00,0.82,0.27,0.00,0.00,0.0,0.0,0.0,159302,159302,2026/4/27 18:32:23
2025-04-23,1.107,1.114,1.101,1.105,10563400,11672557.00,1.18,0.55,0.01,0.00,0.0,0.0,0.0,159302,159302,2026/4/27 18:32:23
2025-04-24,1.104,1.110,1.100,1.103,5881400,6487184.20,0.91,-0.18,-0.00,0.00,0.0,0.0,0.0,159302,159302,2026/4/27 18:32:23
2025-04-25,1.105,1.114,1.105,1.113,9150900,10184951.70,0.81,0.91,0.01,0.00,0.0,0.0,0.0,159302,159302,2026/4/27 18:32:23
2025-04-28,1.115,1.119,1.104,1.117,5750100,6422861.70,1.36,0.36,0.00,0.00,0.0,0.0,0.0,159302,159302,2026/4/27 18:32:23
2025-04-29,1.119,1.120,1.108,1.110,4015800,4457538.00,1.08,-0.63,-0.01,0.00,0.0,0.0,0.0,159302,159302,2026/4/27 18:32:23
2025-04-30,1.110,1.114,1.100,1.107,5234100,5794148.70,1.27,-0.27,-0.00,0.00,0.0,0.0,0.0,159302,159302,2026/4/27 18:32:23
2025-05-06,1.111,1.115,1.103,1.114,6382600,7110216.40,1.09,0.63,0.01,0.00,0.0,0.0,0.0,159302,159302,2026/4/27 18:32:23
2025-05-07,1.119,1.133,1.119,1.132,10835400,12265672.80,1.25,1.62,0.02,0.00,0.0,0.0,0.0,159302,159302,2026/4/27 18:32:23
2025-05-08,1.131,1.132,1.122,1.124,6583700,7400078.80,0.89,-0.71,-0.01,0.00,0.0,0.0,0.0,159302,159302,2026/4/27 18:32:23
2025-05-09,1.122,1.133,1.120,1.132,4575600,5179579.20,1.16,0.71,0.01,0.00,0.0,0.0,0.0,159302,159302,2026/4/27 18:32:23
2025-05-12,1.132,1.145,1.132,1.139,7324100,8342149.90,1.15,0.62,0.01,0.00,0.0,0.0,0.0,159302,159302,2026/4/27 18:32:23
2025-05-13,1.144,1.154,1.140,1.150,9555000,10988250.00,1.23,0.97,0.01,0.00,0.0,0.0,0.0,159302,159302,2026/4/27 18:32:23
2025-05-14,1.155,1.184,1.154,1.174,17251701,20253496.97,2.60,2.09,0.02,0.00,0.0,0.0,0.0,159302,159302,2026/4/27 18:32:23
2025-05-15,1.174,1.187,1.166,1.170,9714200,11365614.00,1.80,-0.34,-0.00,0.00,0.0,0.0,0.0,159302,159302,2026/4/27 18:32:23
2025-05-16,1.167,1.171,1.159,1.170,3984000,4661280.00,1.04,0.00,0.00,0.00,0.0,0.0,0.0,159302,159302,2026/4/27 18:32:23
2025-05-19,1.170,1.177,1.166,1.173,10007700,11739032.10,0.94,0.26,0.00,0.00,0.0,0.0,0.0,159302,159302,2026/4/27 18:32:23
2025-05-20,1.177,1.191,1.177,1.191,11280502,13435077.88,1.19,1.53,0.02,0.00,0.0,0.0,0.0,159302,159302,2026/4/27 18:32:23
2025-05-21,1.191,1.307,1.173,1.197,27379001,32772664.20,11.42,0.50,0.01,0.00,0.0,0.0,0.0,159302,159302,2026/4/27 18:32:23
2025-05-22,1.199,1.203,1.193,1.197,11284100,13507067.70,0.84,0.00,0.00,0.00,0.0,0.0,0.0,159302,159302,2026/4/27 18:32:23
2025-05-23,1.198,1.205,1.193,1.195,11528100,13776079.50,1.01,-0.17,-0.00,0.00,0.0,0.0,0.0,159302,159302,2026/4/27 18:32:23
2025-05-26,1.195,1.207,1.189,1.197,12435400,14885173.80,1.51,0.17,0.00,0.00,0.0,0.0,0.0,159302,159302,2026/4/27 18:32:23
2025-05-27,1.196,1.203,1.190,1.193,10192400,12159533.20,1.09,-0.33,-0.00,0.00,0.0,0.0,0.0,159302,159302,2026/4/27 18:32:23
2025-05-28,1.195,1.202,1.191,1.198,11773100,14104173.80,0.92,0.42,0.00,0.00,0.0,0.0,0.0,159302,159302,2026/4/27 18:32:23
2025-05-29,1.203,1.217,1.198,1.202,10509800,12632779.60,1.59,0.33,0.00,0.00,0.0,0.0,0.0,159302,159302,2026/4/27 18:32:23
2025-05-30,1.201,1.205,1.194,1.198,8507100,10191505.80,0.92,-0.33,-0.00,0.00,0.0,0.0,0.0,159302,159302,2026/4/27 18:32:23
2025-06-03,1.197,1.208,1.190,1.202,10512800,12636385.60,1.51,0.33,0.00,0.00,0.0,0.0,0.0,159302,159302,2026/4/27 18:32:23
2025-06-04,1.200,1.205,1.200,1.204,4724508,5688307.63,0.42,0.17,0.00,0.00,0.0,0.0,0.0,159302,159302,2026/4/27 18:32:23
2025-06-05,1.207,1.207,1.195,1.199,10345708,12404503.89,1.00,-0.42,-0.00,0.00,0.0,0.0,0.0,159302,159302,2026/4/27 18:32:23
2025-06-06,1.199,1.207,1.198,1.205,12964000,15621620.00,0.75,0.50,0.01,0.00,0.0,0.0,0.0,159302,159302,2026/4/27 18:32:23
2025-06-09,1.206,1.207,1.200,1.206,14380400,17342762.40,0.58,0.08,0.00,0.00,0.0,0.0,0.0,159302,159302,2026/4/27 18:32:23
2025-06-10,1.208,1.229,1.206,1.227,25716702,31554393.35,1.91,1.74,0.02,0.00,0.0,0.0,0.0,159302,159302,2026/4/27 18:32:23
2025-06-11,1.228,1.242,1.227,1.241,14544200,18049352.20,1.22,1.14,0.01,0.00,0.0,0.0,0.0,159302,159302,2026/4/27 18:32:23
2025-06-12,1.240,1.245,1.237,1.241,10062800,12487934.80,0.65,0.00,0.00,0.00,0.0,0.0,0.0,159302,159302,2026/4/27 18:32:23
2025-06-13,1.240,1.257,1.238,1.254,18981102,23802301.91,1.53,1.05,0.01,0.00,0.0,0.0,0.0,159302,159302,2026/4/27 18:32:23
2025-06-16,1.254,1.258,1.247,1.258,16726100,21041433.80,0.88,0.32,0.00,0.00,0.0,0.0,0.0,159302,159302,2026/4/27 18:32:23
2025-06-17,1.267,1.267,1.251,1.256,11834100,14863629.60,1.28,-0.16,-0.00,0.00,0.0,0.0,0.0,159302,159302,2026/4/27 18:32:23
2025-06-18,1.257,1.263,1.246,1.249,9099100,11364775.90,1.36,-0.56,-0.01,0.00,0.0,0.0,0.0,159302,159302,2026/4/27 18:32:23
2025-06-19,1.249,1.252,1.220,1.225,23407100,28673697.50,2.62,-1.92,-0.02,0.00,0.0,0.0,0.0,159302,159302,2026/4/27 18:32:23
2025-06-20,1.229,1.248,1.220,1.241,11662968,14473743.29,2.30,1.31,0.02,0.00,0.0,0.0,0.0,159302,159302,2026/4/27 18:32:23
2025-06-23,1.235,1.252,1.234,1.252,13233900,16568842.80,1.46,0.89,0.01,0.00,0.0,0.0,0.0,159302,159302,2026/4/27 18:32:23
2025-06-24,1.250,1.261,1.245,1.261,16876600,21281392.60,1.29,0.72,0.01,0.00,0.0,0.0,0.0,159302,159302,2026/4/27 18:32:23
2025-06-25,1.261,1.262,1.250,1.259,18729900,23580944.10,0.96,-0.16,-0.00,0.00,0.0,0.0,0.0,159302,159302,2026/4/27 18:32:23
2025-06-26,1.256,1.257,1.252,1.254,7485700,9387067.80,0.40,-0.40,-0.00,0.00,0.0,0.0,0.0,159302,159302,2026/4/27 18:32:23
2025-06-27,1.256,1.258,1.239,1.244,14308500,17799774.00,1.53,-0.80,-0.01,0.00,0.0,0.0,0.0,159302,159302,2026/4/27 18:32:23
2025-06-30,1.246,1.246,1.233,1.241,7854000,9746814.00,1.05,-0.24,-0.00,0.00,0.0,0.0,0.0,159302,159302,2026/4/27 18:32:23
2025-07-01,1.240,1.244,1.239,1.243,5218444,6486525.89,0.40,0.16,0.00,0.00,0.0,0.0,0.0,159302,159302,2026/4/27 18:32:23
2025-07-02,1.244,1.269,1.244,1.263,55183500,69696760.50,2.01,1.61,0.02,0.00,0.0,0.0,0.0,159302,159302,2026/4/27 18:32:23
2025-07-03,1.264,1.269,1.252,1.262,15176300,19152490.60,1.36,-0.08,-0.00,0.00,0.0,0.0,0.0,159302,159302,2026/4/27 18:32:23
2025-07-04,1.260,1.264,1.254,1.258,16585800,20864936.40,0.80,-0.32,-0.00,0.00,0.0,0.0,0.0,159302,159302,2026/4/27 18:32:23
2025-07-07,1.258,1.261,1.255,1.259,11372200,14317599.80,0.48,0.08,0.00,0.00,0.0,0.0,0.0,159302,159302,2026/4/27 18:32:23
2025-07-08,1.263,1.266,1.255,1.258,13954800,17555138.40,0.88,-0.08,-0.00,0.00,0.0,0.0,0.0,159302,159302,2026/4/27 18:32:23
2025-07-09,1.259,1.262,1.253,1.259,12341900,15538452.10,0.72,0.08,0.00,0.00,0.0,0.0,0.0,159302,159302,2026/4/27 18:32:23
2025-07-10,1.260,1.279,1.256,1.279,21306800,27251397.20,1.83,1.59,0.02,0.00,0.0,0.0,0.0,159302,159302,2026/4/27 18:32:23
2025-07-11,1.279,1.302,1.279,1.289,15530301,20018557.99,1.80,0.78,0.01,0.00,0.0,0.0,0.0,159302,159302,2026/4/27 18:32:23
2025-07-14,1.290,1.304,1.289,1.294,12304901,15922541.89,1.16,0.39,0.01,0.00,0.0,0.0,0.0,159302,159302,2026/4/27 18:32:23
2025-07-15,1.295,1.301,1.281,1.288,13708300,17656290.40,1.56,-0.46,-0.01,0.00,0.0,0.0,0.0,159302,159302,2026/4/27 18:32:23
2025-07-16,1.289,1.297,1.285,1.292,16756105,21648887.66,0.93,0.31,0.00,0.00,0.0,0.0,0.0,159302,159302,2026/4/27 18:32:23
2025-07-17,1.292,1.295,1.282,1.284,9174600,11780186.40,1.01,-0.62,-0.01,0.00,0.0,0.0,0.0,159302,159302,2026/4/27 18:32:23
2025-07-18,1.286,1.289,1.282,1.287,13378100,17217614.70,0.55,0.23,0.00,0.00,0.0,0.0,0.0,159302,159302,2026/4/27 18:32:23
2025-07-21,1.290,1.310,1.290,1.309,11656000,15257704.00,1.55,1.71,0.02,0.00,0.0,0.0,0.0,159302,159302,2026/4/27 18:32:23
2025-07-22,1.320,1.329,1.301,1.322,26788701,35414662.72,2.15,0.99,0.01,0.00,0.0,0.0,0.0,159302,159302,2026/4/27 18:32:23
2025-07-23,1.333,1.339,1.324,1.330,14091600,18741828.00,1.13,0.61,0.01,0.00,0.0,0.0,0.0,159302,159302,2026/4/27 18:32:23
2025-07-24,1.330,1.343,1.325,1.342,8704200,11681036.40,1.36,0.90,0.01,0.00,0.0,0.0,0.0,159302,159302,2026/4/27 18:32:23
2025-07-25,1.350,1.352,1.336,1.341,7650400,10259186.40,1.20,-0.07,-0.00,0.00,0.0,0.0,0.0,159302,159302,2026/4/27 18:32:23
2025-07-28,1.341,1.347,1.332,1.337,12416502,16600863.17,1.13,-0.30,-0.00,0.00,0.0,0.0,0.0,159302,159302,2026/4/27 18:32:23
2025-07-29,1.337,1.340,1.324,1.333,10128208,13500901.26,1.21,-0.30,-0.00,0.00,0.0,0.0,0.0,159302,159302,2026/4/27 18:32:23
2025-07-30,1.330,1.346,1.329,1.337,17218500,23021134.50,1.28,0.30,0.00,0.00,0.0,0.0,0.0,159302,159302,2026/4/27 18:32:23
2025-07-31,1.338,1.339,1.310,1.311,15743300,20639466.30,2.21,-1.94,-0.03,0.00,0.0,0.0,0.0,159302,159302,2026/4/27 18:32:23
2025-08-01,1.312,1.321,1.303,1.308,9115300,11922812.40,1.38,-0.23,-0.00,0.00,0.0,0.0,0.0,159302,159302,2026/4/27 18:32:23
2025-08-04,1.309,1.310,1.290,1.309,6159501,8062786.81,1.55,0.08,0.00,0.00,0.0,0.0,0.0,159302,159302,2026/4/27 18:32:23
2025-08-05,1.312,1.325,1.311,1.324,6120300,8103277.20,1.07,1.15,0.02,0.00,0.0,0.0,0.0,159302,159302,2026/4/27 18:32:23
2025-08-06,1.326,1.337,1.325,1.329,3952000,5252208.00,0.91,0.38,0.00,0.00,0.0,0.0,0.0,159302,159302,2026/4/27 18:32:23
2025-08-07,1.329,1.336,1.322,1.336,7098001,9482929.34,1.06,0.53,0.01,0.00,0.0,0.0,0.0,159302,159302,2026/4/27 18:32:23
2025-08-08,1.336,1.341,1.332,1.338,8378000,11209764.00,0.68,0.15,0.00,0.00,0.0,0.0,0.0,159302,159302,2026/4/27 18:32:23
2025-08-11,1.340,1.341,1.328,1.334,4519300,6028746.20,0.98,-0.30,-0.00,0.00,0.0,0.0,0.0,159302,159302,2026/4/27 18:32:23
2025-08-12,1.332,1.351,1.331,1.349,10445100,14090439.90,1.50,1.12,0.01,0.00,0.0,0.0,0.0,159302,159302,2026/4/27 18:32:23
2025-08-13,1.352,1.357,1.347,1.351,9954500,13448529.50,0.74,0.15,0.00,0.00,0.0,0.0,0.0,159302,159302,2026/4/27 18:32:23
2025-08-14,1.352,1.362,1.343,1.349,13580900,18320634.10,1.41,-0.15,-0.00,0.00,0.0,0.0,0.0,159302,159302,2026/4/27 18:32:23
2025-08-15,1.349,1.349,1.338,1.346,7495700,10089212.20,0.82,-0.22,-0.00,0.00,0.0,0.0,0.0,159302,159302,2026/4/27 18:32:23
2025-08-18,1.343,1.352,1.342,1.344,10530000,14152320.00,0.75,-0.15,-0.00,0.00,0.0,0.0,0.0,159302,159302,2026/4/27 18:32:23
2025-08-19,1.344,1.345,1.337,1.338,6337600,8479708.80,0.60,-0.45,-0.01,0.00,0.0,0.0,0.0,159302,159302,2026/4/27 18:32:23
2025-08-20,1.336,1.337,1.325,1.337,6167500,8245947.50,0.91,-0.07,-0.00,0.00,0.0,0.0,0.0,159302,159302,2026/4/27 18:32:23
2025-08-21,1.333,1.346,1.333,1.341,4582000,6144462.00,0.98,0.30,0.00,0.00,0.0,0.0,0.0,159302,159302,2026/4/27 18:32:23
2025-08-22,1.341,1.345,1.332,1.335,4045000,5400075.00,0.98,-0.45,-0.01,0.00,0.0,0.0,0.0,159302,159302,2026/4/27 18:32:23
2025-08-25,1.337,1.347,1.337,1.342,7926700,10637631.40,0.75,0.52,0.01,0.00,0.0,0.0,0.0,159302,159302,2026/4/27 18:32:23
2025-08-26,1.341,1.342,1.330,1.331,4388400,5840960.40,0.90,-0.82,-0.01,0.00,0.0,0.0,0.0,159302,159302,2026/4/27 18:32:23
2025-08-27,1.331,1.333,1.309,1.310,7132200,9343182.00,1.83,-1.58,-0.02,0.00,0.0,0.0,0.0,159302,159302,2026/4/27 18:32:23
2025-08-28,1.310,1.324,1.309,1.320,9765300,12890196.00,1.15,0.76,0.01,0.00,0.0,0.0,0.0,159302,159302,2026/4/27 18:32:23
2025-08-29,1.320,1.327,1.307,1.309,14205500,18594999.50,1.53,-0.83,-0.01,0.00,0.0,0.0,0.0,159302,159302,2026/4/27 18:32:23
2025-09-01,1.310,1.310,1.301,1.303,10314800,13440184.40,0.69,-0.46,-0.01,0.00,0.0,0.0,0.0,159302,159302,2026/4/27 18:32:23
2025-09-02,1.303,1.310,1.297,1.304,12927200,16857068.80,1.00,0.08,0.00,0.00,0.0,0.0,0.0,159302,159302,2026/4/27 18:32:23
2025-09-03,1.302,1.309,1.293,1.295,5887200,7623924.00,1.24,-0.69,-0.01,0.00,0.0,0.0,0.0,159302,159302,2026/4/27 18:32:23
2025-09-04,1.297,1.302,1.279,1.289,10810100,13934218.90,1.80,-0.46,-0.01,0.00,0.0,0.0,0.0,159302,159302,2026/4/27 18:32:23
2025-09-05,1.290,1.306,1.287,1.304,10462214,13642727.06,1.48,1.16,0.02,0.00,0.0,0.0,0.0,159302,159302,2026/4/27 18:32:23
2025-09-08,1.305,1.313,1.296,1.313,7131000,9363003.00,1.31,0.69,0.01,0.00,0.0,0.0,0.0,159302,159302,2026/4/27 18:32:23
2025-09-09,1.313,1.321,1.308,1.317,9762700,12857475.90,0.99,0.30,0.00,0.00,0.0,0.0,0.0,159302,159302,2026/4/27 18:32:23
2025-09-10,1.313,1.336,1.313,1.333,7841100,10452186.30,1.75,1.21,0.02,0.00,0.0,0.0,0.0,159302,159302,2026/4/27 18:32:23
2025-09-11,1.333,1.340,1.327,1.338,6638100,8881777.80,0.98,0.38,0.01,0.00,0.0,0.0,0.0,159302,159302,2026/4/27 18:32:23
2025-09-12,1.342,1.346,1.332,1.333,7670100,10224243.30,1.05,-0.37,-0.01,0.00,0.0,0.0,0.0,159302,159302,2026/4/27 18:32:23
2025-09-15,1.333,1.337,1.327,1.332,6180300,8232159.60,0.75,-0.08,-0.00,0.00,0.0,0.0,0.0,159302,159302,2026/4/27 18:32:23
2025-09-16,1.332,1.340,1.321,1.324,6513600,8624006.40,1.44,-0.60,-0.01,0.00,0.0,0.0,0.0,159302,159302,2026/4/27 18:32:23
2025-09-17,1.324,1.330,1.320,1.325,6568600,8703395.00,0.76,0.08,0.00,0.00,0.0,0.0,0.0,159302,159302,2026/4/27 18:32:23
2025-09-18,1.329,1.330,1.300,1.303,9263800,12070731.40,2.31,-1.66,-0.02,0.00,0.0,0.0,0.0,159302,159302,2026/4/27 18:32:23
2025-09-19,1.303,1.314,1.303,1.310,9404100,12319371.00,0.84,0.54,0.01,0.00,0.0,0.0,0.0,159302,159302,2026/4/27 18:32:23
2025-09-22,1.305,1.314,1.287,1.291,7254500,9365559.50,2.10,-1.45,-0.02,0.00,0.0,0.0,0.0,159302,159302,2026/4/27 18:32:23
2025-09-23,1.291,1.294,1.281,1.283,6959300,8928781.90,1.01,-0.62,-0.01,0.00,0.0,0.0,0.0,159302,159302,2026/4/27 18:32:23
2025-09-24,1.287,1.294,1.281,1.284,5970100,7665608.40,1.01,0.08,0.00,0.00,0.0,0.0,0.0,159302,159302,2026/4/27 18:32:23
2025-09-25,1.285,1.288,1.271,1.272,3819100,4857895.20,1.34,-0.93,-0.01,0.00,0.0,0.0,0.0,159302,159302,2026/4/27 18:32:23
2025-09-26,1.272,1.282,1.263,1.282,7954200,10197284.40,1.50,0.79,0.01,0.00,0.0,0.0,0.0,159302,159302,2026/4/27 18:32:23
2025-09-29,1.283,1.287,1.272,1.284,5962400,7655721.60,1.18,0.16,0.00,0.00,0.0,0.0,0.0,159302,159302,2026/4/27 18:32:23
2025-09-30,1.283,1.289,1.277,1.283,3798900,4873988.70,0.94,-0.08,-0.00,0.00,0.0,0.0,0.0,159302,159302,2026/4/27 18:32:23
2025-10-09,1.283,1.283,1.270,1.283,6137100,7873899.30,1.02,0.00,0.00,0.00,0.0,0.0,0.0,159302,159302,2026/4/27 18:32:23
2025-10-10,1.283,1.295,1.276,1.287,12082500,15550177.50,1.49,0.31,0.00,0.00,0.0,0.0,0.0,159302,159302,2026/4/27 18:32:23
2025-10-13,1.267,1.282,1.261,1.275,7287900,9292072.50,1.67,-0.93,-0.01,0.00,0.0,0.0,0.0,159302,159302,2026/4/27 18:32:23
2025-10-14,1.280,1.308,1.280,1.289,18501000,23847789.00,2.19,1.10,0.01,0.00,0.0,0.0,0.0,159302,159302,2026/4/27 18:32:23
2025-10-15,1.294,1.310,1.292,1.310,14184800,18582088.00,1.39,1.63,0.02,0.00,0.0,0.0,0.0,159302,159302,2026/4/27 18:32:23
2025-10-16,1.310,1.327,1.302,1.327,10686900,14181516.30,1.92,1.30,0.02,0.00,0.0,0.0,0.0,159302,159302,2026/4/27 18:32:23
2025-10-17,1.331,1.338,1.309,1.312,12462400,16350668.80,2.22,-1.13,-0.01,0.00,0.0,0.0,0.0,159302,159302,2026/4/27 18:32:23
2025-10-20,1.323,1.328,1.315,1.324,6198700,8207078.80,0.99,0.91,0.01,0.00,0.0,0.0,0.0,159302,159302,2026/4/27 18:32:23
2025-10-21,1.321,1.333,1.321,1.326,6232100,8263764.60,0.91,0.15,0.00,0.00,0.0,0.0,0.0,159302,159302,2026/4/27 18:32:23
2025-10-22,1.327,1.331,1.313,1.322,5281400,6982010.80,1.37,-0.30,-0.00,0.00,0.0,0.0,0.0,159302,159302,2026/4/27 18:32:23
2025-10-23,1.322,1.338,1.322,1.335,9754300,13021990.50,1.21,0.98,0.01,0.00,0.0,0.0,0.0,159302,159302,2026/4/27 18:32:23
2025-10-24,1.335,1.341,1.330,1.339,8416202,11269294.48,0.83,0.30,0.00,0.00,0.0,0.0,0.0,159302,159302,2026/4/27 18:32:23
2025-10-27,1.342,1.351,1.336,1.347,12115900,16320117.30,1.12,0.60,0.01,0.00,0.0,0.0,0.0,159302,159302,2026/4/27 18:32:23
2025-10-28,1.348,1.352,1.338,1.345,5958700,8014451.50,1.05,-0.15,-0.00,0.00,0.0,0.0,0.0,159302,159302,2026/4/27 18:32:23
2025-10-29,1.345,1.353,1.343,1.345,6696900,9007330.50,0.74,0.00,0.00,0.00,0.0,0.0,0.0,159302,159302,2026/4/27 18:32:23
2025-10-30,1.348,1.355,1.338,1.345,15678700,21087851.50,1.27,0.00,0.00,0.00,0.0,0.0,0.0,159302,159302,2026/4/27 18:32:23
2025-10-31,1.347,1.350,1.335,1.335,10160100,13563733.50,1.12,-0.74,-0.01,0.00,0.0,0.0,0.0,159302,159302,2026/4/27 18:32:23
2025-11-03,1.332,1.366,1.332,1.365,20954100,28602346.50,2.55,2.25,0.03,0.00,0.0,0.0,0.0,159302,159302,2026/4/27 18:32:23
2025-11-04,1.367,1.380,1.359,1.361,24610600,33495026.60,1.55,-0.29,-0.00,0.00,0.0,0.0,0.0,159302,159302,2026/4/27 18:32:23
2025-11-05,1.363,1.368,1.349,1.366,20649900,28207763.40,1.41,0.37,0.01,0.00,0.0,0.0,0.0,159302,159302,2026/4/27 18:32:23
2025-11-06,1.367,1.385,1.367,1.385,20626100,28567148.50,1.32,1.39,0.02,0.00,0.0,0.0,0.0,159302,159302,2026/4/27 18:32:23
2025-11-07,1.389,1.394,1.381,1.390,15220100,21155939.00,0.94,0.36,0.00,0.00,0.0,0.0,0.0,159302,159302,2026/4/27 18:32:23
2025-11-10,1.390,1.408,1.390,1.406,16119900,22664579.40,1.29,1.15,0.02,0.00,0.0,0.0,0.0,159302,159302,2026/4/27 18:32:23
2025-11-11,1.413,1.417,1.396,1.405,8969300,12601866.50,1.50,-0.07,-0.00,0.00,0.0,0.0,0.0,159302,159302,2026/4/27 18:32:23
2025-11-12,1.413,1.431,1.410,1.431,7175100,10267568.10,1.49,1.85,0.03,0.00,0.0,0.0,0.0,159302,159302,2026/4/27 18:32:23
2025-11-13,1.433,1.433,1.410,1.422,16327000,23216994.00,1.63,-0.63,-0.01,0.00,0.0,0.0,0.0,159302,159302,2026/4/27 18:32:23
2025-11-14,1.423,1.423,1.400,1.402,10135400,14209830.80,1.64,-1.41,-0.02,0.00,0.0,0.0,0.0,159302,159302,2026/4/27 18:32:23
2025-11-17,1.390,1.400,1.382,1.386,8645700,11982940.20,1.30,-1.14,-0.02,0.00,0.0,0.0,0.0,159302,159302,2026/4/27 18:32:23
2025-11-18,1.386,1.390,1.360,1.364,9405300,12828829.20,2.21,-1.59,-0.02,0.00,0.0,0.0,0.0,159302,159302,2026/4/27 18:32:23
2025-11-19,1.364,1.379,1.364,1.372,11324900,15537762.80,1.10,0.59,0.01,0.00,0.0,0.0,0.0,159302,159302,2026/4/27 18:32:23
2025-11-20,1.379,1.380,1.364,1.367,17779800,24304986.60,1.17,-0.36,-0.01,0.00,0.0,0.0,0.0,159302,159302,2026/4/27 18:32:23
2025-11-21,1.364,1.364,1.340,1.342,16289900,21861045.80,1.79,-1.83,-0.02,0.00,0.0,0.0,0.0,159302,159302,2026/4/27 18:32:23
2025-11-24,1.336,1.353,1.334,1.339,10980402,14702758.28,1.42,-0.22,-0.00,0.00,0.0,0.0,0.0,159302,159302,2026/4/27 18:32:23
2025-11-25,1.341,1.354,1.341,1.349,10375900,13997089.10,0.97,0.75,0.01,0.00,0.0,0.0,0.0,159302,159302,2026/4/27 18:32:23
2025-11-26,1.355,1.359,1.346,1.349,7312800,9864967.20,0.97,0.00,0.00,0.00,0.0,0.0,0.0,159302,159302,2026/4/27 18:32:23
2025-11-27,1.353,1.355,1.341,1.347,9909300,13347827.10,1.04,-0.15,-0.00,0.00,0.0,0.0,0.0,159302,159302,2026/4/27 18:32:23
2025-11-28,1.350,1.351,1.337,1.338,7410900,9915784.20,1.05,-0.67,-0.01,0.00,0.0,0.0,0.0,159302,159302,2026/4/27 18:32:23
2025-12-01,1.336,1.350,1.336,1.350,17651101,23828986.35,1.05,0.90,0.01,0.00,0.0,0.0,0.0,159302,159302,2026/4/27 18:32:23
2025-12-02,1.353,1.365,1.352,1.359,22103100,30038112.90,0.96,0.67,0.01,0.00,0.0,0.0,0.0,159302,159302,2026/4/27 18:32:23
2025-12-03,1.361,1.363,1.348,1.350,14290000,19291500.00,1.11,-0.66,-0.01,0.00,0.0,0.0,0.0,159302,159302,2026/4/27 18:32:23
2025-12-04,1.354,1.360,1.353,1.360,12568500,17093160.00,0.52,0.74,0.01,0.00,0.0,0.0,0.0,159302,159302,2026/4/27 18:32:23
2025-12-05,1.364,1.364,1.350,1.360,13090800,17803488.00,1.04,0.00,0.00,0.00,0.0,0.0,0.0,159302,159302,2026/4/27 18:32:23
2025-12-08,1.363,1.364,1.348,1.351,9988100,13493923.10,1.19,-0.66,-0.01,0.00,0.0,0.0,0.0,159302,159302,2026/4/27 18:32:23
2025-12-09,1.352,1.352,1.328,1.329,14306000,19012674.00,1.81,-1.63,-0.02,0.00,0.0,0.0,0.0,159302,159302,2026/4/27 18:32:23
2025-12-10,1.332,1.332,1.306,1.311,17691700,23193818.70,1.99,-1.35,-0.02,0.00,0.0,0.0,0.0,159302,159302,2026/4/27 18:32:23
2025-12-11,1.312,1.326,1.309,1.309,14542000,19035478.00,1.30,-0.15,-0.00,0.00,0.0,0.0,0.0,159302,159302,2026/4/27 18:32:23
2025-12-12,1.315,1.321,1.311,1.319,14324102,18893490.54,0.76,0.76,0.01,0.00,0.0,0.0,0.0,159302,159302,2026/4/27 18:32:23
2025-12-15,1.320,1.327,1.311,1.324,9874100,13073308.40,1.22,0.38,0.01,0.00,0.0,0.0,0.0,159302,159302,2026/4/27 18:32:23
2025-12-16,1.325,1.325,1.290,1.291,17229400,22243155.40,2.71,-2.49,-0.03,0.00,0.0,0.0,0.0,159302,159302,2026/4/27 18:32:23
2025-12-17,1.291,1.294,1.285,1.291,10630500,13723975.50,0.70,0.00,0.00,0.00,0.0,0.0,0.0,159302,159302,2026/4/27 18:32:23
2025-12-18,1.291,1.295,1.286,1.294,10876700,14074449.80,0.70,0.23,0.00,0.00,0.0,0.0,0.0,159302,159302,2026/4/27 18:32:23
2025-12-19,1.298,1.306,1.289,1.293,18789400,24294694.20,1.32,-0.08,-0.00,0.00,0.0,0.0,0.0,159302,159302,2026/4/27 18:32:23
2025-12-22,1.292,1.295,1.286,1.288,12289800,15829262.40,0.70,-0.39,-0.00,0.00,0.0,0.0,0.0,159302,159302,2026/4/27 18:32:23
2025-12-23,1.289,1.300,1.289,1.291,10252200,13235590.20,0.85,0.23,0.00,0.00,0.0,0.0,0.0,159302,159302,2026/4/27 18:32:23
2025-12-24,1.292,1.294,1.285,1.286,9795300,12596755.80,0.70,-0.39,-0.00,0.00,0.0,0.0,0.0,159302,159302,2026/4/27 18:32:23
2025-12-25,1.287,1.287,1.285,1.286,2930900,3769137.40,0.16,0.00,0.00,0.00,0.0,0.0,0.0,159302,159302,2026/4/27 18:32:23
2025-12-26,1.287,1.290,1.284,1.286,4501200,5788543.20,0.47,0.00,0.00,0.00,0.0,0.0,0.0,159302,159302,2026/4/27 18:32:23
2025-12-29,1.286,1.289,1.273,1.278,13558500,17327763.00,1.26,-0.62,-0.01,0.00,0.0,0.0,0.0,159302,159302,2026/4/27 18:32:23
2025-12-30,1.278,1.287,1.275,1.281,7883601,10098892.88,0.94,0.23,0.00,0.00,0.0,0.0,0.0,159302,159302,2026/4/27 18:32:23
2025-12-31,1.282,1.282,1.269,1.270,5437100,6905117.00,1.02,-0.86,-0.01,0.00,0.0,0.0,0.0,159302,159302,2026/4/27 18:32:23
2026-01-05,1.270,1.277,1.266,1.269,12001100,15229395.90,0.87,-0.08,-0.00,0.00,0.0,0.0,0.0,159302,159302,2026/4/27 18:32:23
2026-01-06,1.271,1.279,1.268,1.279,14977400,19156094.60,0.87,0.79,0.01,0.00,0.0,0.0,0.0,159302,159302,2026/4/27 18:32:23
2026-01-07,1.280,1.285,1.273,1.275,13402500,17088187.50,0.94,-0.31,-0.00,0.00,0.0,0.0,0.0,159302,159302,2026/4/27 18:32:23
2026-01-08,1.275,1.279,1.266,1.268,12352500,15662970.00,1.03,-0.55,-0.01,0.00,0.0,0.0,0.0,159302,159302,2026/4/27 18:32:23
2026-01-09,1.270,1.275,1.269,1.274,10748500,13693589.00,0.47,0.47,0.01,0.00,0.0,0.0,0.0,159302,159302,2026/4/27 18:32:23
2026-01-12,1.277,1.278,1.266,1.271,8057900,10241590.90,0.95,-0.24,-0.00,0.00,0.0,0.0,0.0,159302,159302,2026/4/27 18:32:23
2026-01-13,1.275,1.289,1.275,1.281,22968800,29423032.80,1.10,0.79,0.01,0.00,0.0,0.0,0.0,159302,159302,2026/4/27 18:32:23
2026-01-14,1.285,1.287,1.274,1.277,25870000,33035990.00,1.02,-0.31,-0.00,0.00,0.0,0.0,0.0,159302,159302,2026/4/27 18:32:23
2026-01-15,1.277,1.292,1.277,1.283,15996700,20523766.10,1.17,0.47,0.01,0.00,0.0,0.0,0.0,159302,159302,2026/4/27 18:32:23
2026-01-16,1.287,1.289,1.268,1.268,13366902,16949231.74,1.66,-1.17,-0.01,0.00,0.0,0.0,0.0,159302,159302,2026/4/27 18:32:23
2026-01-19,1.268,1.274,1.258,1.259,17311181,21794776.88,1.27,-0.71,-0.01,0.00,0.0,0.0,0.0,159302,159302,2026/4/27 18:32:23
2026-01-20,1.260,1.270,1.256,1.265,10696500,13531072.50,1.11,0.48,0.01,0.00,0.0,0.0,0.0,159302,159302,2026/4/27 18:32:23
2026-01-21,1.270,1.272,1.261,1.263,13982200,17659518.60,0.87,-0.16,-0.00,0.00,0.0,0.0,0.0,159302,159302,2026/4/27 18:32:23
2026-01-22,1.264,1.284,1.264,1.280,12535800,16045824.00,1.58,1.35,0.02,0.00,0.0,0.0,0.0,159302,159302,2026/4/27 18:32:23
2026-01-23,1.282,1.288,1.272,1.274,7694500,9802793.00,1.26,-0.47,-0.01,0.00,0.0,0.0,0.0,159302,159302,2026/4/27 18:32:23
2026-01-26,1.272,1.288,1.269,1.284,12769800,16396423.20,1.50,0.78,0.01,0.00,0.0,0.0,0.0,159302,159302,2026/4/27 18:32:23
2026-01-27,1.286,1.296,1.286,1.293,17613100,22773738.30,0.78,0.70,0.01,0.00,0.0,0.0,0.0,159302,159302,2026/4/27 18:32:23
2026-01-28,1.297,1.325,1.297,1.322,28183300,37258322.60,2.16,2.24,0.03,0.00,0.0,0.0,0.0,159302,159302,2026/4/27 18:32:23
2026-01-29,1.320,1.341,1.315,1.339,27991700,37480886.30,1.98,1.29,0.02,0.00,0.0,0.0,0.0,159302,159302,2026/4/27 18:32:23
2026-01-30,1.346,1.349,1.316,1.322,20701200,27366986.40,2.51,-1.27,-0.02,0.00,0.0,0.0,0.0,159302,159302,2026/4/27 18:32:23
2026-02-02,1.320,1.320,1.286,1.290,14295900,18441711.00,2.64,-2.42,-0.03,0.00,0.0,0.0,0.0,159302,159302,2026/4/27 18:32:23
2026-02-03,1.299,1.316,1.298,1.312,20200100,26502531.20,1.39,1.71,0.02,0.00,0.0,0.0,0.0,159302,159302,2026/4/27 18:32:23
2026-02-04,1.312,1.332,1.308,1.332,25043200,33357542.40,1.83,1.52,0.02,0.00,0.0,0.0,0.0,159302,159302,2026/4/27 18:32:23
2026-02-05,1.332,1.332,1.313,1.326,10823300,14351695.80,1.45,-0.45,-0.01,0.00,0.0,0.0,0.0,159302,159302,2026/4/27 18:32:23
2026-02-06,1.326,1.333,1.312,1.328,14471500,19218152.00,1.60,0.15,0.00,0.00,0.0,0.0,0.0,159302,159302,2026/4/27 18:32:23
2026-02-09,1.336,1.345,1.335,1.341,10296500,13807606.50,0.75,0.98,0.01,0.00,0.0,0.0,0.0,159302,159302,2026/4/27 18:32:23
2026-02-10,1.341,1.347,1.337,1.347,9481200,12771176.40,0.75,0.45,0.01,0.00,0.0,0.0,0.0,159302,159302,2026/4/27 18:32:23
2026-02-11,1.348,1.350,1.338,1.350,7025600,9484560.00,0.90,0.22,0.00,0.00,0.0,0.0,0.0,159302,159302,2026/4/27 18:32:23
2026-02-12,1.357,1.359,1.347,1.349,4627400,6242362.60,0.89,-0.07,-0.00,0.00,0.0,0.0,0.0,159302,159302,2026/4/27 18:32:23
2026-02-13,1.345,1.345,1.333,1.339,7933600,10623090.40,0.90,-0.74,-0.01,0.00,0.0,0.0,0.0,159302,159302,2026/4/27 18:32:23
2026-02-24,1.346,1.365,1.346,1.361,7810900,10630634.90,1.41,1.64,0.02,0.00,0.0,0.0,0.0,159302,159302,2026/4/27 18:32:23
2026-02-25,1.364,1.372,1.357,1.361,8914100,12132090.10,1.11,0.00,0.00,0.00,0.0,0.0,0.0,159302,159302,2026/4/27 18:32:23
2026-02-26,1.360,1.370,1.347,1.351,7805700,10545500.70,1.71,-0.73,-0.01,0.00,0.0,0.0,0.0,159302,159302,2026/4/27 18:32:23
2026-02-27,1.359,1.359,1.340,1.355,5990000,8116450.00,1.42,0.30,0.00,0.00,0.0,0.0,0.0,159302,159302,2026/4/27 18:32:23
2026-03-02,1.371,1.371,1.341,1.359,8867700,12051204.30,2.24,0.30,0.00,0.00,0.0,0.0,0.0,159302,159302,2026/4/27 18:32:23
2026-03-03,1.359,1.378,1.353,1.360,20747000,28215920.00,1.85,0.07,0.00,0.00,0.0,0.0,0.0,159302,159302,2026/4/27 18:32:23
2026-03-04,1.359,1.360,1.326,1.337,9091500,12155335.50,2.56,-1.69,-0.02,0.00,0.0,0.0,0.0,159302,159302,2026/4/27 18:32:23
2026-03-05,1.339,1.362,1.339,1.350,14561100,19657485.00,1.72,0.97,0.01,0.00,0.0,0.0,0.0,159302,159302,2026/4/27 18:32:23
2026-03-06,1.346,1.363,1.339,1.363,6847800,9333551.40,1.79,0.96,0.01,0.00,0.0,0.0,0.0,159302,159302,2026/4/27 18:32:23
2026-03-09,1.362,1.362,1.342,1.346,9758302,13134674.49,1.49,-1.25,-0.02,0.00,0.0,0.0,0.0,159302,159302,2026/4/27 18:32:23
2026-03-10,1.350,1.357,1.346,1.349,4088100,5514846.90,0.82,0.22,0.00,0.00,0.0,0.0,0.0,159302,159302,2026/4/27 18:32:23
2026-03-11,1.350,1.361,1.341,1.360,8504000,11565440.00,1.49,0.82,0.01,0.00,0.0,0.0,0.0,159302,159302,2026/4/27 18:32:23
2026-03-12,1.360,1.365,1.349,1.360,5818200,7912752.00,1.19,0.00,0.00,0.00,0.0,0.0,0.0,159302,159302,2026/4/27 18:32:23
2026-03-13,1.360,1.360,1.338,1.340,3853300,5163422.00,1.64,-1.47,-0.02,0.00,0.0,0.0,0.0,159302,159302,2026/4/27 18:32:23
2026-03-16,1.340,1.354,1.334,1.347,7717300,10395203.10,1.50,0.52,0.01,0.00,0.0,0.0,0.0,159302,159302,2026/4/27 18:32:23
2026-03-17,1.347,1.361,1.346,1.348,6871600,9262916.80,1.11,0.07,0.00,0.00,0.0,0.0,0.0,159302,159302,2026/4/27 18:32:23
2026-03-18,1.352,1.355,1.340,1.352,5705500,7713836.00,1.12,0.30,0.00,0.00,0.0,0.0,0.0,159302,159302,2026/4/27 18:32:23
2026-03-19,1.350,1.354,1.340,1.341,4944100,6630038.10,1.04,-0.81,-0.01,0.00,0.0,0.0,0.0,159302,159302,2026/4/27 18:32:23
2026-03-20,1.345,1.350,1.337,1.344,4328400,5817369.60,0.97,0.22,0.00,0.00,0.0,0.0,0.0,159302,159302,2026/4/27 18:32:23
2026-03-23,1.332,1.344,1.303,1.303,9828600,12806665.80,3.15,-3.05,-0.04,0.00,0.0,0.0,0.0,159302,159302,2026/4/27 18:32:23
2026-03-24,1.320,1.334,1.314,1.334,17153200,22882368.80,1.52,2.38,0.03,0.00,0.0,0.0,0.0,159302,159302,2026/4/27 18:32:23
2026-03-25,1.334,1.339,1.324,1.335,5582800,7453038.00,1.13,0.07,0.00,0.00,0.0,0.0,0.0,159302,159302,2026/4/27 18:32:23
2026-03-26,1.338,1.344,1.332,1.335,4413700,5892289.50,0.90,0.00,0.00,0.00,0.0,0.0,0.0,159302,159302,2026/4/27 18:32:23
2026-03-27,1.333,1.345,1.322,1.340,4841200,6487208.00,1.74,0.37,0.01,0.00,0.0,0.0,0.0,159302,159302,2026/4/27 18:32:23
2026-03-30,1.340,1.342,1.326,1.339,8000100,10712133.90,1.21,-0.07,-0.00,0.00,0.0,0.0,0.0,159302,159302,2026/4/27 18:32:23
2026-03-31,1.337,1.345,1.317,1.318,3737100,4925497.80,2.13,-1.57,-0.02,0.00,0.0,0.0,0.0,159302,159302,2026/4/27 18:32:23
2026-04-01,1.325,1.342,1.325,1.337,4879700,6524158.90,1.28,1.44,0.02,0.00,0.0,0.0,0.0,159302,159302,2026/4/27 18:32:23
2026-04-02,1.339,1.341,1.330,1.332,4235600,5641819.20,0.83,-0.37,-0.00,0.00,0.0,0.0,0.0,159302,159302,2026/4/27 18:32:23
2026-04-03,1.333,1.344,1.332,1.334,3251900,4338034.60,0.90,0.15,0.00,0.00,0.0,0.0,0.0,159302,159302,2026/4/27 18:32:23
2026-04-07,1.336,1.341,1.334,1.335,934700,1247824.50,0.52,0.07,0.00,0.00,0.0,0.0,0.0,159302,159302,2026/4/27 18:32:23
2026-04-08,1.341,1.343,1.332,1.342,4711400,6322698.80,0.83,0.52,0.01,0.00,0.0,0.0,0.0,159302,159302,2026/4/27 18:32:23
2026-04-09,1.342,1.344,1.335,1.341,2800501,3755471.84,0.67,-0.07,-0.00,0.00,0.0,0.0,0.0,159302,159302,2026/4/27 18:32:23
2026-04-10,1.345,1.354,1.341,1.350,3166600,4274910.00,0.97,0.67,0.01,0.00,0.0,0.0,0.0,159302,159302,2026/4/27 18:32:23
2026-04-13,1.350,1.351,1.341,1.348,2850100,3841934.80,0.75,-0.15,-0.00,0.00,0.0,0.0,0.0,159302,159302,2026/4/27 18:32:23
2026-04-14,1.353,1.360,1.348,1.355,2820400,3821642.00,0.89,0.52,0.01,0.00,0.0,0.0,0.0,159302,159302,2026/4/27 18:32:23
2026-04-15,1.355,1.355,1.343,1.346,2158300,2905071.80,0.89,-0.66,-0.01,0.00,0.0,0.0,0.0,159302,159302,2026/4/27 18:32:23
2026-04-16,1.347,1.349,1.343,1.348,6919000,9326812.00,0.45,0.15,0.00,0.00,0.0,0.0,0.0,159302,159302,2026/4/27 18:32:23
2026-04-17,1.343,1.348,1.339,1.340,2098500,2811990.00,0.67,-0.59,-0.01,0.00,0.0,0.0,0.0,159302,159302,2026/4/27 18:32:23
2026-04-20,1.339,1.344,1.334,1.341,1708900,2291634.90,0.75,0.07,0.00,0.00,0.0,0.0,0.0,159302,159302,2026/4/27 18:32:23
2026-04-21,1.341,1.359,1.341,1.358,6955800,9445976.40,1.34,1.27,0.02,0.00,0.0,0.0,0.0,159302,159302,2026/4/27 18:32:23
2026-04-22,1.358,1.358,1.343,1.345,5598905,7530527.22,1.12,-0.96,-0.01,0.00,0.0,0.0,0.0,159302,159302,2026/4/27 18:32:23
2026-04-23,1.344,1.351,1.342,1.348,3453100,4654778.80,0.67,0.22,0.00,0.00,0.0,0.0,0.0,159302,159302,2026/4/27 18:32:23
2026-04-24,1.352,1.352,1.341,1.348,3033300,4088888.40,0.82,0.00,0.00,0.00,0.0,0.0,0.0,159302,159302,2026/4/27 18:32:23
2026-04-27,1.348,1.352,1.342,1.344,6572900,8833977.60,0.75,-0.30,-0.00,0.00,0.0,0.0,0.0,159302,159302,2026/4/28 02:42:56
2026-04-28,1.344,1.347,1.332,1.347,4764500.0,0.0,1.12,0.22,0.00,0.00,,,159302,,2026-04-30 22:24:41
2026-04-29,1.348,1.368,1.348,1.368,13253800.0,0.0,1.48,1.56,0.02,0.00,,,159302,,2026-04-30 22:24:41
2026-04-30,1.368,1.368,1.347,1.348,7114800.0,0.0,1.54,-1.46,-0.02,0.00,,,159302,,2026-04-30 22:24:41
2026-05-06,1.349,1.351,1.337,1.349,7167700.0,nan,1.04,0.07,0.00,0.00,,,159302,,2026-05-23 04:32:32
2026-05-07,1.36,1.36,1.342,1.345,6966400.0,nan,1.33,-0.30,-0.00,0.00,,,159302,,2026-05-23 04:32:32
2026-05-08,1.346,1.346,1.336,1.341,5163900.0,nan,0.74,-0.30,-0.00,0.00,,,159302,,2026-05-23 04:32:32
2026-05-11,1.341,1.348,1.339,1.347,5911500.0,nan,0.67,0.45,0.01,0.00,,,159302,,2026-05-23 04:32:32
2026-05-12,1.364,1.364,1.347,1.355,6221900.0,nan,1.26,0.59,0.01,0.00,,,159302,,2026-05-23 04:32:32
2026-05-13,1.359,1.359,1.347,1.349,8273300.0,nan,0.89,-0.44,-0.01,0.00,,,159302,,2026-05-23 04:32:32
2026-05-14,1.35,1.354,1.342,1.344,5915900.0,nan,0.89,-0.37,-0.00,0.00,,,159302,,2026-05-23 04:32:32
2026-05-15,1.345,1.345,1.335,1.339,6853300.0,nan,0.74,-0.37,-0.01,0.00,,,159302,,2026-05-23 04:32:32
2026-05-18,1.338,1.344,1.331,1.335,5971400.0,nan,0.97,-0.30,-0.00,0.00,,,159302,,2026-05-23 04:32:32
2026-05-19,1.335,1.344,1.335,1.343,5021100.0,nan,0.67,0.60,0.01,0.00,,,159302,,2026-05-23 04:32:32
2026-05-20,1.342,1.343,1.333,1.337,4959600.0,nan,0.74,-0.45,-0.01,0.00,,,159302,,2026-05-23 04:32:32
2026-05-21,1.338,1.343,1.33,1.331,5633900.0,nan,0.97,-0.45,-0.01,0.00,,,159302,,2026-05-23 04:32:32
2026-05-22,1.335,1.335,1.319,1.325,6532200.0,nan,1.20,-0.45,-0.01,0.00,,,159302,,2026-05-23 04:32:32
2026-05-25,1.325,1.329,1.318,1.32,2316200.0,nan,0.83,-0.38,-0.00,0.00,,,159302,,2026-05-31 05:20:43
2026-05-26,1.321,1.326,1.311,1.32,10290400.0,nan,1.14,0.00,0.00,0.00,,,159302,,2026-05-31 05:20:43
2026-05-27,1.319,1.32,1.306,1.311,5356000.0,nan,1.06,-0.68,-0.01,0.00,,,159302,,2026-05-31 05:20:43
2026-05-28,1.318,1.318,1.289,1.294,7093400.0,nan,2.21,-1.30,-0.02,0.00,,,159302,,2026-05-31 05:20:43
2026-05-29,1.294,1.31,1.286,1.31,5611200.0,nan,1.85,1.24,0.02,0.00,,,159302,,2026-05-31 05:20:43
2026-06-01,1.309,1.329,1.304,1.327,5354600.0,nan,1.91,1.30,0.02,0.00,,,159302,,2026-06-05 05:07:10
2026-06-02,1.331,1.341,1.318,1.327,5477900.0,nan,1.73,0.00,0.00,0.00,,,159302,,2026-06-05 05:07:10
2026-06-03,1.328,1.328,1.311,1.319,7423900.0,nan,1.28,-0.60,-0.01,0.00,,,159302,,2026-06-05 05:07:10
2026-06-04,1.317,1.325,1.311,1.314,5421000.0,nan,1.06,-0.38,-0.00,0.00,,,159302,,2026-06-05 05:07:10
2026-06-05,1.316,1.322,1.314,1.315,7629800.0,nan,0.61,0.08,0.00,0.00,,,159302,,2026-06-07 05:20:42
2026-06-08,1.306,1.323,1.301,1.317,12344401.0,nan,1.67,0.15,0.00,0.00,,,159302,,2026-06-09 05:21:19
2026-06-09,1.317,1.317,1.305,1.311,5189900.0,nan,0.91,-0.46,-0.01,0.00,,,159302,,2026-06-14 05:33:17
2026-06-10,1.302,1.303,1.29,1.296,9544500.0,nan,0.99,-1.14,-0.01,0.00,,,159302,,2026-06-14 05:33:17
2026-06-11,1.296,1.304,1.285,1.29,6338300.0,nan,1.47,-0.46,-0.01,0.00,,,159302,,2026-06-14 05:33:17
2026-06-12,1.288,1.31,1.288,1.304,6408100.0,nan,1.71,1.09,0.01,0.00,,,159302,,2026-06-14 05:33:17
2026-06-15,1.315,1.324,1.306,1.306,4795700.0,nan,1.38,0.15,0.00,0.00,,,159302,,2026-06-26 05:11:18
2026-06-16,1.306,1.309,1.29,1.29,4196200.0,nan,1.45,-1.23,-0.02,0.00,,,159302,,2026-06-26 05:11:18
2026-06-17,1.294,1.294,1.275,1.276,3296500.0,nan,1.47,-1.09,-0.01,0.00,,,159302,,2026-06-26 05:11:18
2026-06-18,1.277,1.28,1.241,1.243,7250701.0,nan,3.06,-2.59,-0.03,0.00,,,159302,,2026-06-26 05:11:18
2026-06-22,1.237,1.251,1.226,1.25,7248400.0,nan,2.01,0.56,0.01,0.00,,,159302,,2026-06-26 05:11:18
2026-06-23,1.257,1.257,1.22,1.221,6086300.0,nan,2.96,-2.32,-0.03,0.00,,,159302,,2026-06-26 05:11:18
2026-06-24,1.232,1.232,1.211,1.215,5758700.0,nan,1.72,-0.49,-0.01,0.00,,,159302,,2026-06-26 05:11:18
2026-06-25,1.215,1.215,1.191,1.191,6876500.0,nan,1.98,-1.98,-0.02,0.00,,,159302,,2026-06-26 05:11:18
